1000 9885
410 943
946 848
301 711
655 776
468 106
703 60
280 510
342 140
734 898
203 214
20 384
930 507
882 992
556 609
136 108
820 30
506 654
386 716
960 745
431 44
677 260
127 349
754 441
191 155
131 160
424 438
706 308
815 138
572 429
814 470
541 614
230 553
268 462
549 939
600 211
296 31
66 697
549 60
808 122
560 715
961 908
12 90
875 66
252 432
344 954
130 13
867 550
795 261
546 645
379 907
212 205
418 752
184 914
131 653
372 127
926 584
124 1000
438 102
131 538
10 425
708 256
894 47
534 396
811 521
776 980
765 194
470 934
681 985
386 359
394 42
710 604
324 303
417 155
860 361
573 844
155 779
391 651
547 881
453 862
789 788
204 340
940 352
542 52
52 288
989 813
350 581
132 408
831 30
478 989
542 71
215 805
945 840
780 48
542 470
983 288
139 5
700 826
207 794
750 770
355 54
894 852
199 134
503 268
273 913
682 511
479 295
382 566
493 647
51 85
87 787
734 442
511 103
772 147
350 419
353 141
406 497
227 692
249 76
253 684
182 616
918 284
294 602
614 687
904 762
637 774
856 211
130 856
30 584
889 13
597 708
709 282
174 585
7 309
779 676
603 952
196 370
171 677
783 832
32 98
410 432
34 484
900 86
667 600
906 688
586 920
146 893
93 696
101 157
428 195
581 899
893 913
659 713
642 777
664 881
43 392
160 528
696 578
676 760
917 242
422 688
663 978
531 624
159 595
290 286
418 331
113 673
833 616
400 304
63 55
315 642
551 802
254 678
256 257
4 679
100 8
322 658
380 847
180 96
882 70
612 419
635 770
742 730
122 947
798 856
468 667
587 743
609 887
248 17
271 361
165 214
576 707
173 843
734 566
934 106
597 164
382 594
166 339
369 933
649 891
66 991
822 890
416 754
944 980
83 256
299 847
981 295
162 881
338 334
785 149
643 115
607 322
538 327
170 835
372 557
13 311
880 868
419 96
850 324
244 203
396 272
291 58
862 679
483 770
524 20
317 754
121 497
132 909
421 820
634 561
943 659
904 825
647 239
210 736
580 146
798 361
820 673
144 82
492 882
589 348
516 982
422 589
850 904
159 422
973 78
59 754
582 800
129 897
172 201
508 123
271 905
321 454
111 206
774 16
613 8
775 361
190 219
964 422
808 918
440 122
259 990
5 238
75 358
517 835
247 60
597 569
930 468
308 416
385 937
117 592
942 931
526 802
69 733
325 611
108 373
878 369
750 466
391 458
84 936
653 613
783 294
201 574
436 435
458 215
633 547
148 898
995 789
468 115
507 735
435 362
754 628
23 51
245 79
943 130
196 517
322 712
417 848
879 768
457 119
41 880
443 932
248 332
171 868
340 292
472 283
373 348
40 403
845 658
671 659
153 104
63 725
889 182
85 348
672 924
577 683
624 389
976 734
520 704
907 128
139 26
845 334
73 274
53 77
617 877
201 438
129 177
276 64
759 771
81 152
842 649
920 211
6 104
119 529
569 748
856 832
871 663
103 745
53 52
163 556
42 295
575 147
833 592
137 457
810 409
176 417
341 873
109 509
844 17
960 861
543 582
586 200
18 335
632 665
100 855
947 758
820 104
235 568
927 401
958 25
97 703
424 665
189 135
484 581
472 133
145 225
697 332
626 282
224 25
324 780
450 708
364 2
203 388
791 799
98 178
863 441
249 198
400 320
717 659
991 308
631 845
407 903
784 742
141 87
58 919
762 127
548 140
507 772
184 693
352 279
577 290
425 717
961 899
266 587
448 890
729 415
657 394
405 130
456 341
455 921
226 419
400 780
438 244
442 251
704 218
173 121
980 383
861 396
867 775
673 766
232 602
818 449
390 435
681 591
556 333
232 489
341 713
604 65
699 191
58 45
349 634
305 508
841 642
438 304
846 173
550 235
138 212
603 392
860 281
842 828
525 825
674 85
678 565
716 760
494 250
996 88
238 255
384 666
631 380
650 173
427 348
673 4
677 628
74 539
172 830
755 384
928 869
99 420
391 799
919 392
21 829
731 552
571 959
956 755
494 566
922 527
680 656
247 778
490 525
250 272
700 648
514 580
754 557
79 866
649 943
173 409
307 367
398 602
725 890
524 700
62 711
466 308
178 448
159 437
879 824
143 770
737 855
59 335
421 684
319 201
995 523
10 665
687 321
358 249
804 483
221 175
439 24
576 66
973 142
858 884
490 80
182 314
537 345
442 159
300 209
400 247
323 880
54 366
606 717
413 79
280 861
599 540
73 298
223 888
51 907
305 399
327 974
119 552
180 732
309 496
885 685
640 154
604 843
453 817
205 144
152 292
389 473
686 673
891 401
641 948
588 471
237 255
683 493
276 973
215 712
566 415
601 917
88 704
659 245
734 603
846 581
207 761
852 514
929 783
144 705
470 361
425 56
578 110
377 343
428 949
587 452
861 765
167 49
425 73
298 473
908 230
28 226
610 814
347 956
593 580
922 658
28 273
439 895
162 799
404 704
669 536
430 20
433 336
641 939
388 783
992 961
679 739
774 905
990 885
619 226
265 835
270 266
981 648
576 63
595 269
540 410
193 737
984 276
124 821
850 325
944 642
762 393
378 118
719 37
558 93
687 443
196 486
414 437
914 869
774 469
666 194
137 528
104 605
824 822
608 93
516 832
721 722
484 264
674 328
793 366
777 593
233 921
786 673
237 961
186 257
208 201
194 788
548 599
896 16
475 869
521 421
53 64
242 187
388 251
166 848
561 565
321 264
104 168
450 940
492 311
844 220
113 942
590 392
403 478
42 98
372 953
484 723
178 610
952 5
743 78
115 859
576 689
39 275
612 215
388 25
249 463
691 736
104 326
431 421
21 543
591 919
887 508
446 738
928 109
790 583
713 917
155 92
178 215
895 934
57 690
520 54
259 42
800 262
250 197
269 974
879 771
201 1000
843 297
278 100
226 301
801 797
948 676
589 938
753 516
628 688
75 528
667 884
80 938
10 593
33 784
675 321
987 723
36 141
274 774
760 343
541 146
784 71
289 639
343 676
628 342
918 150
97 282
685 249
580 465
854 784
417 403
326 589
231 704
299 622
879 308
390 57
608 71
620 752
343 123
501 943
949 664
920 67
669 344
312 16
831 407
664 72
99 685
851 666
266 300
285 192
927 529
409 706
319 323
117 785
914 154
155 764
638 577
252 260
783 582
118 485
30 792
678 891
397 11
873 737
912 767
715 194
532 404
365 325
152 984
66 866
687 985
544 89
565 509
273 213
476 500
496 282
867 253
559 147
501 39
193 286
69 355
274 569
884 536
921 530
260 612
636 661
412 943
399 365
325 154
254 304
236 363
697 783
885 45
735 835
168 219
595 340
443 963
260 523
961 898
926 940
358 210
804 456
610 427
795 263
560 555
452 49
897 836
721 883
277 42
634 519
138 352
637 676
992 53
314 33
868 584
431 842
826 68
220 347
820 666
177 680
430 746
498 484
996 379
279 963
817 408
270 494
931 400
959 454
502 535
450 242
398 338
293 536
522 14
371 620
527 307
401 431
281 773
455 757
778 758
526 872
221 968
666 887
223 14
649 99
425 441
122 895
269 338
677 341
491 334
639 151
706 487
729 62
450 553
53 636
865 590
648 52
886 228
173 519
2 401
444 62
562 93
994 140
373 241
984 394
567 633
632 521
718 767
19 787
853 680
103 57
629 81
941 181
615 930
46 427
88 413
534 76
595 78
637 727
582 312
54 993
349 699
409 894
413 926
34 341
306 718
695 104
699 109
883 248
33 683
90 940
842 639
409 664
466 923
290 395
93 600
225 704
445 527
228 225
618 297
34 934
676 585
237 877
898 735
828 796
557 442
209 212
686 678
981 542
85 457
381 590
169 614
305 112
572 390
267 645
406 37
381 575
293 653
76 19
824 74
200 931
460 178
514 997
329 761
330 642
954 568
885 360
815 505
561 746
847 776
574 112
260 248
479 500
248 886
778 637
212 273
820 464
969 954
182 243
716 161
259 416
499 159
388 324
924 438
304 791
216 67
131 393
112 52
973 863
118 126
412 753
288 463
435 272
944 982
373 36
299 833
874 539
643 228
956 101
353 24
762 180
794 235
634 490
57 974
582 122
76 943
973 616
978 271
742 380
901 219
358 117
840 500
326 690
92 385
20 742
771 870
638 140
395 74
715 901
496 893
673 677
139 65
509 985
770 293
183 280
312 506
534 293
355 572
814 533
599 769
103 630
571 91
682 607
393 936
858 316
397 912
732 277
237 849
916 476
349 521
741 65
962 366
379 128
608 410
973 174
902 703
995 458
355 875
781 891
69 953
910 353
967 912
199 298
702 199
939 243
578 337
192 540
742 708
30 704
17 679
380 413
679 237
208 530
207 732
583 849
236 188
645 190
938 968
382 581
174 638
375 267
838 673
929 667
736 935
878 742
244 710
467 353
620 361
588 783
37 31
75 164
682 324
867 192
925 992
359 356
531 409
933 469
478 306
196 519
400 4
610 21
743 339
175 487
231 288
491 850
273 411
681 294
165 669
649 704
899 241
727 831
448 911
583 443
325 455
560 512
314 281
598 796
909 927
604 345
521 955
617 706
854 785
362 506
753 282
736 176
385 188
416 574
871 802
526 432
732 36
254 800
612 594
498 366
300 440
251 554
227 713
234 436
673 287
203 655
314 364
498 449
432 991
408 766
641 141
716 583
305 823
772 945
424 863
132 528
224 593
447 153
216 673
143 176
954 815
327 324
675 512
32 606
319 800
983 281
752 529
588 367
240 453
497 490
372 926
467 686
527 508
271 306
551 347
418 580
429 551
970 105
341 427
342 988
697 707
865 545
810 354
204 981
688 778
165 974
437 873
870 653
891 738
433 270
288 503
53 825
205 866
408 764
124 121
942 377
563 68
819 494
738 226
832 99
238 475
963 906
121 220
547 472
454 326
575 890
746 824
486 119
966 301
524 79
173 119
836 969
58 457
422 862
921 77
948 757
254 205
149 111
871 838
970 773
972 543
607 856
278 572
603 285
803 335
475 910
771 749
24 102
963 117
198 994
828 421
459 402
595 606
302 956
11 433
967 570
843 616
592 808
329 883
864 572
683 16
521 333
561 379
280 477
100 230
172 539
963 800
590 478
509 267
609 872
544 297
63 323
375 429
342 798
808 654
381 892
386 572
21 827
725 471
193 46
359 633
363 378
930 518
146 156
4 2
387 154
977 686
891 928
285 743
273 39
864 404
192 913
799 726
140 337
739 453
155 180
89 696
346 682
424 179
540 257
245 5
410 757
46 206
953 956
809 288
663 69
300 941
206 259
408 502
427 562
870 794
293 396
145 553
37 619
810 813
10 505
128 868
992 99
855 639
707 536
58 70
49 166
358 424
471 139
128 787
846 493
259 347
470 961
755 949
148 77
591 347
974 81
58 99
307 676
43 174
318 356
674 4
161 191
664 18
600 932
488 414
843 532
56 194
673 518
958 699
413 370
531 851
683 124
423 825
122 958
234 832
164 703
769 587
184 213
539 605
90 259
794 741
38 35
757 649
5 314
136 39
838 698
51 148
179 459
786 33
643 440
425 79
373 769
869 908
839 36
770 557
504 959
106 543
913 51
273 156
697 643
700 285
425 873
135 562
302 371
113 559
205 810
505 324
823 502
476 195
52 670
25 301
559 424
600 183
266 448
468 431
627 120
760 317
852 277
566 95
518 249
287 58
366 609
276 329
439 239
462 52
619 403
214 661
714 357
718 357
576 334
979 891
812 169
494 976
675 227
823 811
384 24
242 836
164 848
931 110
948 890
289 925
259 805
509 683
627 504
704 777
479 791
279 219
453 932
385 652
498 783
1 616
713 880
910 573
169 651
545 31
998 851
911 120
14 668
822 559
947 780
530 348
811 333
333 897
857 63
394 775
821 924
387 210
316 212
467 53
680 687
293 228
611 121
169 430
939 702
45 515
299 799
526 498
657 129
149 549
496 335
499 544
961 779
999 855
545 564
785 229
406 255
61 362
728 985
503 821
841 222
808 17
610 389
975 143
443 22
546 893
741 871
837 170
897 717
960 242
957 513
597 618
785 400
823 248
24 766
791 414
98 563
106 70
278 896
291 424
846 442
614 182
889 917
931 152
438 440
944 29
393 745
301 912
345 544
327 912
718 99
486 103
428 277
447 11
485 196
696 637
161 364
73 962
682 560
913 679
355 680
281 525
284 756
17 983
626 853
43 7
542 111
232 76
803 513
534 915
494 332
206 576
302 643
449 477
704 300
664 360
403 508
631 266
797 212
873 598
65 200
251 198
753 184
597 543
934 471
347 683
721 410
26 752
133 316
139 947
692 45
235 714
623 471
644 200
493 782
703 367
230 963
57 611
648 26
623 693
735 943
387 95
979 409
597 970
212 40
13 9
277 628
345 83
633 798
481 25
889 388
616 588
396 102
605 448
754 742
59 292
306 375
435 617
37 485
274 985
791 220
118 752
288 837
440 812
828 327
330 802
192 481
953 754
20 671
205 677
225 367
651 343
391 80
659 832
492 919
970 515
443 385
63 936
68 114
768 856
592 636
223 662
59 849
613 282
727 262
582 527
766 248
470 789
275 297
148 25
42 740
940 929
135 365
599 968
394 185
215 963
508 79
973 19
704 776
617 249
557 109
129 557
50 724
462 603
998 569
604 896
327 299
94 562
294 176
295 287
1000 429
17 733
553 547
825 198
98 815
762 619
389 789
526 878
549 567
824 10
352 634
735 348
60 452
769 101
320 313
230 796
552 627
402 307
97 585
563 276
706 277
984 255
655 300
269 161
244 575
596 468
856 441
231 275
79 879
409 407
175 184
719 724
444 175
338 358
657 474
145 270
18 532
457 12
299 233
979 147
567 1000
269 869
384 497
528 599
974 500
174 226
567 793
55 37
667 943
872 843
638 150
250 703
567 142
914 892
76 875
292 952
997 765
104 612
103 366
675 121
604 433
290 201
632 58
337 226
859 869
343 76
254 889
591 346
139 651
921 537
177 714
52 482
552 554
560 21
923 901
64 764
986 275
648 651
417 60
405 571
768 241
147 236
739 582
65 907
86 995
858 120
439 429
623 184
173 452
221 776
807 1
185 274
369 29
29 129
865 797
916 655
956 588
60 633
309 98
100 874
337 584
485 720
397 302
497 258
504 168
69 630
36 577
899 965
256 833
739 2
443 577
616 343
815 217
88 912
18 967
968 211
623 99
563 225
726 895
801 532
353 98
40 162
421 363
541 554
122 482
822 587
108 209
537 623
918 316
841 289
273 445
2 149
993 494
64 454
547 403
443 31
847 108
667 794
847 29
225 294
172 491
84 751
582 282
107 710
720 747
421 816
116 184
774 219
258 591
189 985
261 444
392 677
825 721
953 260
147 445
721 864
25 793
872 724
964 140
12 561
769 516
519 66
225 738
636 260
510 988
197 652
665 730
918 676
453 360
808 922
956 220
216 485
218 191
716 402
809 624
26 874
532 256
963 763
532 268
938 39
939 258
119 913
566 551
701 260
406 736
616 292
778 543
823 196
415 626
805 294
743 828
252 680
516 62
277 750
424 110
758 505
636 541
821 701
861 992
188 14
117 400
97 639
931 718
331 542
273 968
782 699
487 403
913 824
54 530
457 196
735 761
262 273
249 874
837 169
491 997
673 670
797 811
444 437
287 25
235 472
606 761
701 539
262 329
785 544
733 234
48 162
855 577
244 457
427 795
364 961
343 391
91 342
558 350
102 874
949 803
272 667
183 495
370 178
955 495
224 595
975 992
203 408
316 710
906 136
263 629
552 768
668 386
760 611
542 511
651 916
882 760
342 129
661 900
42 69
65 236
337 519
655 53
949 264
787 101
695 820
626 144
41 267
191 501
449 254
537 232
89 23
217 74
53 500
40 973
293 421
387 160
39 552
448 434
156 995
840 916
435 172
610 866
421 449
859 874
722 916
360 722
672 385
411 215
948 502
108 123
737 621
700 343
762 8
981 362
703 730
782 885
197 315
363 79
456 635
315 525
355 552
335 429
905 622
876 59
448 207
446 846
31 932
866 68
666 325
406 200
547 474
909 223
933 297
481 250
954 899
372 567
917 293
131 806
3 445
650 928
188 999
962 974
157 656
983 548
949 756
886 100
93 830
976 702
314 957
261 722
673 754
909 530
769 135
771 561
672 127
958 717
781 200
333 481
901 531
613 281
461 28
29 888
696 566
964 181
840 123
343 24
436 878
788 507
772 768
902 391
462 702
103 696
533 425
203 570
664 56
378 864
975 964
531 475
962 293
929 148
237 791
533 282
589 986
833 560
994 157
545 484
413 364
977 881
412 36
674 819
752 575
678 779
570 896
167 30
9 944
7 741
146 737
414 761
458 265
630 419
265 367
804 964
271 385
165 142
83 525
320 169
709 961
602 307
480 279
93 444
847 599
887 342
838 382
969 765
221 280
362 478
491 254
588 672
820 801
520 832
482 983
339 66
620 81
602 964
396 11
714 26
321 716
933 380
865 158
295 791
22 181
813 726
463 615
45 876
179 986
668 432
935 839
120 962
198 110
948 782
932 395
115 963
457 877
866 793
387 630
462 222
580 389
179 760
145 952
76 868
81 333
816 307
928 989
486 371
34 336
62 818
483 715
154 553
897 71
607 958
3 708
220 681
560 22
677 929
971 588
898 730
388 892
834 732
68 644
198 863
272 897
366 481
78 469
744 209
229 515
687 606
877 956
535 922
994 760
591 782
611 634
673 405
200 833
240 158
186 796
687 700
209 661
748 830
382 708
115 245
862 171
866 606
383 250
333 549
57 666
631 896
779 827
50 501
749 309
622 701
222 207
344 647
689 522
920 533
32 967
531 495
515 914
97 167
939 882
706 539
1000 868
605 263
698 667
697 836
918 428
88 860
743 185
875 1
914 703
707 728
652 805
488 514
196 339
126 20
174 500
112 578
404 768
386 279
387 594
525 647
67 710
693 646
969 166
309 653
241 719
827 64
594 205
685 34
337 188
376 806
853 796
37 879
405 779
716 975
479 627
264 608
720 409
573 911
323 17
601 682
582 743
824 391
582 502
848 509
719 522
389 57
407 229
363 760
328 581
916 334
169 583
264 813
309 370
610 650
440 238
39 446
651 568
583 701
749 213
17 676
56 62
187 788
799 770
385 940
557 718
9 968
341 35
592 175
403 704
332 362
616 293
356 608
543 796
807 580
490 694
53 512
538 677
544 49
506 196
640 964
311 429
576 962
869 831
362 391
380 727
40 159
640 946
290 385
123 546
822 970
892 325
988 486
715 358
158 82
44 590
279 273
836 562
196 657
982 976
968 218
92 322
520 999
888 289
705 445
220 190
993 122
689 759
136 895
4 636
514 76
438 156
222 743
760 202
629 533
926 737
729 721
253 147
872 531
210 166
358 374
995 295
974 655
76 515
153 318
870 413
698 98
807 388
241 469
537 160
355 605
154 656
673 928
567 260
551 899
440 317
95 519
764 854
102 597
910 550
12 677
290 323
609 615
388 820
794 979
63 74
86 953
651 777
237 195
546 971
43 918
835 990
246 888
265 481
229 560
804 407
807 857
611 296
494 428
703 280
27 299
728 460
714 547
787 213
340 427
131 281
890 352
731 624
631 987
902 657
959 576
359 308
895 838
531 329
273 201
757 865
615 583
320 108
838 418
141 82
235 123
495 709
701 122
259 155
406 94
282 216
547 463
288 633
474 832
398 754
31 806
978 688
384 493
853 656
790 156
602 912
897 702
753 548
126 352
810 677
611 977
616 876
727 732
174 196
909 815
452 942
956 270
716 826
215 409
288 950
885 257
478 873
483 833
196 58
894 81
511 611
484 381
789 551
751 281
239 245
422 575
684 422
44 5
962 512
928 656
657 630
148 27
461 236
299 209
67 77
285 414
648 670
224 624
99 636
916 407
497 169
596 931
355 855
191 165
341 776
696 889
347 491
686 872
341 249
638 609
57 818
864 686
313 408
540 809
691 687
484 663
360 925
878 323
539 483
374 226
126 835
94 253
386 682
965 598
416 893
255 266
373 987
924 477
14 333
2 365
535 309
534 37
412 536
469 601
311 266
974 766
338 356
305 885
770 793
827 1000
420 386
649 652
927 349
861 201
720 995
628 756
3 267
791 226
541 791
168 473
362 915
507 963
315 267
318 958
154 903
618 224
690 725
710 656
975 295
127 614
129 67
703 553
617 808
711 978
582 478
271 669
58 202
10 169
44 974
440 262
261 376
45 465
33 393
77 960
849 111
47 181
693 150
702 348
315 804
172 619
891 261
998 731
166 264
994 518
591 664
498 889
887 241
764 124
251 19
368 341
665 911
722 680
173 820
394 994
342 825
290 988
240 159
701 510
806 841
156 949
998 916
786 28
751 580
574 199
334 872
339 658
30 789
549 779
681 131
863 175
701 192
313 775
500 391
374 488
558 580
487 139
700 280
495 652
550 265
649 974
497 124
227 726
688 932
247 523
468 212
141 154
92 712
439 341
294 632
577 380
444 333
653 63
537 542
666 442
316 375
488 756
819 344
487 510
779 166
172 342
396 270
555 799
681 744
738 395
614 318
542 555
214 680
234 186
76 745
55 440
776 771
634 571
528 228
286 244
309 317
951 226
432 992
923 246
742 45
896 901
450 485
840 37
713 313
907 457
232 181
693 456
163 937
203 628
744 272
561 846
272 863
440 401
403 7
190 221
229 825
551 252
60 825
299 455
636 484
655 852
251 78
259 948
234 602
19 68
52 891
606 776
403 485
851 995
502 893
485 609
911 558
901 191
43 843
75 940
715 221
18 7
804 389
600 24
869 604
95 132
935 71
51 98
805 437
457 287
476 493
350 466
316 77
778 895
853 409
965 703
252 784
127 132
240 1000
24 773
994 193
923 305
303 809
253 622
733 292
164 225
791 68
593 837
5 991
887 575
487 397
399 991
623 993
442 382
996 953
942 67
563 778
72 987
938 239
511 488
210 901
600 261
694 467
849 602
560 915
278 714
928 919
620 975
880 612
404 148
280 922
667 518
135 501
231 588
416 29
258 960
889 756
51 887
983 70
382 38
915 990
57 458
827 151
752 823
381 385
129 966
846 885
426 128
542 82
907 723
51 533
532 204
346 987
842 996
147 38
21 577
406 817
337 756
229 942
674 813
488 360
569 65
458 384
227 197
797 209
191 358
412 113
492 322
843 831
702 118
619 724
907 782
602 426
530 191
236 156
532 401
222 475
98 221
152 989
167 474
155 398
374 54
123 370
189 99
874 701
36 746
899 172
627 819
100 85
762 22
65 302
212 43
695 522
252 820
952 610
166 492
425 678
800 406
126 480
442 419
794 188
262 726
580 653
839 924
533 529
18 67
737 958
208 707
520 900
81 661
10 638
73 470
607 529
387 540
281 1
16 818
415 202
898 176
496 810
975 386
79 377
7 492
82 491
732 149
570 360
384 165
465 462
817 177
68 125
286 204
306 694
54 56
148 181
629 956
634 994
620 721
971 725
552 561
609 672
719 687
208 263
392 462
724 727
858 321
585 733
768 121
641 237
897 283
493 282
522 184
872 445
428 395
980 936
733 688
425 411
423 128
261 37
542 78
1000 1
674 222
116 486
916 263
848 85
811 91
66 14
566 451
274 195
57 817
223 228
902 961
318 136
913 408
644 280
682 87
955 969
170 387
27 310
464 620
485 778
454 843
592 360
151 873
805 508
75 147
972 355
877 282
187 682
748 9
840 818
952 638
155 855
487 68
953 960
299 785
762 102
283 669
35 300
898 114
719 222
962 929
162 831
603 945
14 910
400 878
555 818
629 205
93 2
98 519
173 87
916 932
894 227
808 245
292 955
920 452
704 427
427 724
889 993
374 875
488 966
859 713
876 681
827 407
918 962
868 617
558 293
266 173
12 441
965 493
163 635
938 532
250 279
426 407
9 389
513 21
162 125
2 530
760 848
134 255
67 40
621 625
922 438
570 209
590 148
186 742
800 598
488 386
15 441
842 941
61 587
333 294
975 843
114 838
182 597
301 665
603 136
199 317
769 734
934 304
773 254
152 712
118 439
864 888
223 216
833 316
605 976
604 645
479 499
165 160
421 54
460 540
130 648
826 989
645 359
773 690
687 924
527 839
248 374
439 295
900 614
117 441
320 85
175 345
857 882
718 685
866 992
525 243
874 407
14 584
643 120
239 763
356 132
685 493
339 209
712 554
865 41
793 820
376 74
214 830
234 40
556 493
275 746
757 412
903 344
484 464
28 834
214 681
145 922
116 735
940 995
758 638
176 112
672 853
949 603
550 842
685 945
137 619
154 523
740 98
582 571
395 303
125 36
181 370
962 978
720 668
635 763
552 521
147 303
935 318
890 807
631 310
267 966
182 296
773 304
140 898
742 927
854 293
945 639
368 660
593 77
995 497
8 325
940 438
800 737
982 217
324 915
20 500
703 145
854 7
651 589
277 920
226 880
274 410
539 426
929 670
401 37
994 508
353 492
302 556
869 940
88 111
269 230
808 360
936 317
420 716
792 769
79 691
596 271
818 769
785 72
344 136
967 202
328 299
254 286
244 384
663 24
973 928
173 364
266 606
785 362
474 797
862 360
131 776
904 520
323 528
508 524
537 362
957 541
136 865
266 944
875 892
380 566
552 425
999 279
90 591
695 62
219 865
400 709
332 512
793 50
672 881
785 694
897 28
542 806
766 192
966 902
493 420
498 506
299 247
897 318
898 529
721 978
856 839
963 45
177 608
473 313
570 137
294 313
773 165
521 340
150 940
764 54
655 129
510 990
134 624
816 615
946 682
714 734
695 817
264 41
213 251
415 752
236 44
308 673
612 519
442 735
39 531
208 533
799 761
201 684
972 581
152 842
282 183
654 135
862 817
676 475
295 927
574 510
297 338
562 478
671 576
175 273
639 220
624 107
682 648
315 146
903 621
184 627
780 504
766 721
419 80
21 282
903 386
300 853
999 85
303 546
476 54
767 362
193 860
893 675
889 664
756 237
295 547
23 528
284 784
124 599
707 625
789 201
385 147
392 657
779 495
125 123
162 487
384 85
385 268
873 198
667 658
29 885
674 394
935 369
689 335
929 312
12 756
778 15
391 528
398 340
751 110
129 545
792 159
827 923
851 700
852 17
696 891
289 187
288 619
420 667
241 162
422 505
706 172
673 29
457 254
588 136
825 202
574 975
901 101
212 660
195 606
414 764
91 529
866 409
833 192
448 354
543 833
565 313
588 571
848 771
387 129
833 113
908 613
394 987
839 63
967 10
697 738
517 311
830 774
285 659
354 555
438 623
347 966
496 316
598 413
430 3
696 405
588 675
98 435
511 333
117 198
192 291
357 599
987 736
897 664
14 533
476 107
962 958
762 380
489 240
804 121
958 253
638 154
141 568
861 489
549 331
224 978
889 992
825 584
589 479
7 228
820 198
59 768
46 766
12 442
286 41
901 628
264 583
170 50
742 372
261 358
372 543
450 161
547 789
4 536
573 985
556 876
461 496
520 897
817 664
109 446
57 227
310 767
891 187
354 423
122 955
624 521
436 129
369 226
83 972
854 107
5 774
968 762
329 588
242 451
265 648
599 413
51 155
252 552
127 396
455 389
661 810
188 256
761 450
616 347
100 628
838 718
910 203
14 444
531 274
308 665
662 632
515 176
442 663
957 52
122 826
524 633
891 816
875 343
400 647
311 507
559 81
84 55
356 828
784 805
17 138
943 871
729 431
213 518
913 848
184 884
791 147
581 299
12 26
141 378
663 693
480 10
742 374
653 287
802 571
419 249
202 715
171 520
811 182
229 274
653 368
858 706
896 427
144 320
453 474
127 695
590 821
516 696
774 460
137 537
672 854
909 599
162 444
775 185
618 832
223 837
82 391
819 790
181 369
383 895
513 112
627 78
78 899
467 414
560 53
869 53
928 585
54 259
189 552
340 155
341 861
547 670
986 98
627 364
313 244
61 622
868 66
544 648
599 210
639 897
530 439
514 679
180 76
622 32
972 119
161 671
62 251
204 464
156 100
13 941
515 567
344 951
647 990
194 322
839 118
622 770
972 341
667 257
196 879
144 962
58 776
610 205
540 160
726 671
359 354
397 129
383 104
494 979
813 633
540 215
304 535
411 493
657 21
966 25
296 118
939 851
580 683
304 486
150 37
334 262
123 773
834 490
516 638
809 396
478 737
750 889
291 478
58 319
906 737
19 615
319 436
942 310
710 847
452 107
751 401
917 495
258 700
150 502
337 157
889 920
874 76
298 512
266 98
341 686
140 527
824 487
980 546
555 424
37 913
976 899
149 311
613 370
487 817
38 593
773 386
811 851
996 221
565 864
802 114
824 422
976 161
830 348
673 803
294 137
721 243
797 62
359 877
218 159
683 187
110 996
796 378
997 471
892 211
108 706
324 775
80 291
796 489
100 814
344 472
74 705
739 241
283 119
549 880
98 74
959 589
504 909
655 324
607 95
38 334
328 480
245 186
407 927
329 247
921 539
169 286
227 528
266 736
874 605
699 589
767 490
219 640
805 137
643 34
520 823
325 20
589 839
588 611
850 373
244 228
80 909
689 817
853 526
12 34
658 620
680 204
755 528
879 959
118 612
504 440
685 900
487 657
624 473
309 593
589 570
456 138
955 176
668 911
480 272
519 480
119 604
727 285
181 169
555 879
578 559
48 338
565 723
569 272
162 198
509 765
538 541
940 345
981 515
138 175
871 691
416 325
949 37
783 299
415 1
714 401
80 82
155 544
872 462
904 295
472 988
15 468
551 134
77 827
851 812
289 612
543 546
445 153
747 911
473 54
91 995
735 458
882 938
366 299
403 287
631 229
869 688
235 540
75 439
961 394
139 978
981 71
748 982
730 377
397 406
145 197
273 904
424 268
44 973
467 430
30 828
269 220
734 272
511 921
94 115
666 528
170 675
389 579
948 29
766 897
433 467
810 467
282 136
397 201
32 60
348 665
663 210
340 621
535 20
974 620
421 596
102 544
905 799
70 197
879 945
880 881
76 898
58 661
370 675
405 416
743 230
774 444
187 104
226 511
617 755
254 128
20 696
439 822
989 355
741 658
776 874
916 965
733 814
873 503
958 749
449 931
148 75
138 97
414 242
716 566
935 276
224 672
557 290
760 850
410 893
472 666
380 35
641 207
888 175
974 373
816 883
963 996
379 253
219 276
96 729
80 62
958 809
146 930
891 262
428 760
747 986
380 257
140 103
604 59
154 536
591 320
772 292
958 11
855 897
217 21
180 143
592 199
220 268
27 276
688 746
619 670
981 91
711 198
402 272
499 812
32 253
730 460
198 174
364 66
311 581
459 734
322 586
896 190
350 388
724 401
212 109
668 885
987 801
457 66
691 249
503 815
469 747
56 343
206 502
658 549
992 807
957 759
762 401
528 57
875 914
444 541
124 553
676 976
914 861
519 437
621 139
22 294
104 581
983 857
345 861
320 95
314 224
674 320
107 987
733 931
596 377
155 861
889 733
287 373
683 375
716 602
399 350
646 949
472 266
775 211
134 217
573 951
907 347
525 1000
621 595
722 275
697 131
822 358
989 763
152 264
996 137
390 941
318 405
414 904
381 619
498 777
885 939
817 788
237 509
283 754
191 476
446 770
839 480
844 442
402 229
632 868
464 566
853 68
51 246
531 192
669 722
147 153
546 424
825 13
765 777
899 181
114 957
558 602
725 235
17 228
3 25
39 847
23 74
965 845
680 947
866 898
921 72
500 132
856 148
109 664
685 463
540 502
429 53
177 248
468 457
13 672
918 63
872 889
889 189
802 604
505 580
534 15
862 648
920 399
224 44
863 896
64 709
708 278
271 560
770 401
43 433
137 564
48 73
466 824
286 215
470 912
989 396
538 868
723 288
105 25
953 299
394 616
439 540
9 451
101 589
217 608
807 273
867 274
315 899
544 951
137 359
138 136
910 554
73 853
646 32
38 171
318 433
411 753
983 417
717 245
647 654
139 135
947 592
621 345
234 883
401 340
937 426
220 802
902 984
797 174
411 799
929 862
416 119
75 394
493 887
991 136
907 986
964 816
933 349
786 208
127 502
915 268
8 208
725 429
285 540
334 7
118 596
517 465
908 978
584 882
622 654
74 416
865 427
863 224
900 382
813 971
735 826
424 378
259 159
282 36
804 353
684 975
704 53
766 485
432 328
529 190
912 194
84 460
24 514
496 591
261 827
338 158
525 394
28 742
379 950
550 551
63 752
689 129
357 787
98 223
987 420
839 703
980 503
860 93
132 846
686 321
923 657
603 741
287 798
453 546
774 292
298 741
970 502
813 194
980 725
818 418
159 464
56 975
347 80
2 525
279 987
524 350
567 356
829 861
759 540
461 377
262 874
375 791
432 577
608 490
845 467
890 716
782 508
414 960
464 321
692 489
750 35
787 23
467 595
513 635
553 694
939 321
657 912
731 547
381 998
420 970
978 844
130 640
134 892
502 90
269 21
880 438
455 304
972 414
277 688
848 916
796 236
528 530
161 931
435 316
532 662
455 705
745 905
687 106
602 606
452 601
516 130
663 237
20 469
55 675
265 915
388 531
988 802
89 562
907 134
491 130
207 70
210 806
709 256
433 13
107 434
235 941
666 469
244 249
154 225
861 607
992 139
519 656
666 68
903 369
448 637
654 733
306 631
805 543
810 433
519 289
119 797
272 570
993 896
692 976
560 813
211 703
573 56
237 579
537 243
702 663
243 206
85 637
924 693
553 67
517 546
475 995
312 306
741 452
688 208
535 426
752 900
967 646
824 496
590 155
403 239
385 520
208 117
617 223
410 946
416 354
975 109
904 407
704 921
670 226
29 234
527 287
217 890
325 887
596 818
872 186
820 186
398 80
716 507
948 957
789 886
89 33
17 332
806 204
203 25
4 94
901 232
578 103
373 665
249 427
302 415
92 823
754 356
206 728
459 832
628 581
977 643
887 384
655 270
624 888
416 669
2 474
810 293
562 642
965 711
269 80
944 974
762 77
112 266
39 827
761 147
857 736
61 432
541 838
89 959
420 305
46 499
851 111
152 660
662 922
322 921
719 82
719 989
225 425
211 746
346 399
291 258
148 249
964 531
12 896
699 254
668 871
276 592
530 768
91 921
306 972
882 303
208 194
816 897
670 60
428 447
102 674
506 555
930 153
850 893
404 304
856 797
768 211
860 585
898 810
775 496
834 940
765 708
967 904
293 681
630 706
223 168
733 106
200 746
289 466
983 556
868 156
630 637
778 694
598 31
835 443
412 408
204 210
277 790
648 150
702 43
528 956
156 917
268 767
769 842
706 295
840 973
947 51
516 36
221 298
517 269
633 666
904 862
779 858
749 276
39 846
995 876
841 374
434 900
992 998
404 604
25 353
79 978
939 853
602 953
70 243
914 525
257 822
221 125
959 204
20 531
917 267
19 960
849 717
462 232
174 284
124 991
175 717
876 462
179 646
556 460
847 255
395 110
335 594
676 768
628 462
922 341
483 697
763 949
564 1
442 665
716 921
823 919
183 372
132 762
157 345
497 934
647 90
744 481
814 569
759 849
571 81
955 485
404 357
8 518
962 475
561 64
998 389
46 790
765 390
915 851
110 69
437 411
241 298
596 916
685 709
747 788
204 9
189 443
450 905
68 616
237 79
155 356
674 920
996 495
4 903
955 929
958 448
691 711
907 770
268 524
51 164
877 16
473 250
520 17
221 620
38 98
477 642
636 920
960 740
378 57
770 637
353 269
341 292
636 968
506 229
415 749
425 793
397 163
93 372
476 380
866 52
154 488
88 364
291 817
936 58
573 187
23 222
503 790
876 268
914 625
956 148
188 782
248 225
926 548
598 705
983 589
913 687
889 856
16 822
642 22
475 331
837 364
444 710
564 987
286 161
987 468
352 671
856 811
851 261
245 542
176 59
693 357
188 690
610 826
348 392
21 286
828 898
318 368
159 608
879 49
593 232
133 837
165 866
103 775
694 878
678 547
298 919
854 743
9 216
800 701
623 173
806 455
221 829
437 352
857 291
377 615
707 89
753 204
255 657
223 224
373 531
764 452
378 379
235 542
181 668
610 574
786 53
532 433
165 136
994 304
226 934
678 416
882 541
222 74
938 795
830 773
944 852
681 59
700 369
911 819
296 998
45 725
301 363
197 71
137 4
474 801
109 718
981 651
117 195
173 177
897 669
55 141
828 499
645 707
831 828
407 752
653 248
379 853
785 448
862 694
302 883
210 73
435 597
694 415
827 58
390 476
685 671
196 27
327 819
370 274
194 612
926 333
565 531
53 404
451 111
180 567
303 325
510 462
762 538
206 967
945 885
707 339
976 845
778 95
963 89
794 113
659 432
437 418
591 577
426 181
57 811
427 148
637 131
622 297
199 424
453 968
96 731
557 450
872 44
530 590
802 299
821 125
74 978
242 284
961 330
228 351
507 128
971 305
807 911
556 653
557 740
284 22
51 367
701 505
369 880
351 160
743 790
83 958
838 690
527 389
492 122
4 238
953 763
857 84
490 599
731 959
473 931
184 426
147 542
442 658
689 691
305 682
951 535
643 350
200 561
684 882
95 333
447 788
726 737
782 823
316 377
460 845
50 209
948 714
29 592
793 655
171 879
157 816
864 372
130 962
565 308
465 735
766 383
222 525
150 382
803 62
50 898
186 66
3 520
444 654
301 787
837 353
451 186
131 266
382 326
898 487
112 806
993 931
647 224
405 789
379 460
34 225
971 24
862 863
20 818
29 826
866 440
413 155
824 542
897 214
313 31
519 187
29 939
266 431
860 475
811 249
760 735
337 882
584 269
640 495
627 369
467 812
854 424
412 251
383 222
293 680
186 984
635 827
584 747
509 769
386 589
792 504
792 767
235 742
967 169
459 926
242 482
481 698
706 437
583 985
605 673
821 996
146 220
294 812
499 778
425 915
562 724
156 773
231 451
490 587
476 490
403 932
120 580
355 447
491 47
187 726
374 376
122 257
602 535
434 901
219 697
537 588
209 115
207 136
265 869
748 476
434 788
261 965
740 776
301 452
158 599
340 670
733 449
628 297
922 176
899 229
926 600
512 956
15 795
914 812
745 412
893 780
917 492
495 208
498 276
818 419
983 895
713 335
996 506
98 813
784 494
788 112
825 758
118 618
37 926
299 14
375 924
338 402
471 425
38 596
645 575
284 716
177 612
342 446
470 227
935 431
479 883
707 20
964 397
967 990
62 171
643 933
189 442
483 197
667 254
678 742
332 422
777 55
120 769
434 402
700 921
665 842
743 853
47 802
907 773
357 322
958 878
558 666
668 46
317 56
619 600
140 471
322 494
514 708
381 945
990 961
38 498
477 818
298 391
482 232
134 801
341 291
236 447
51 526
458 65
959 735
969 347
363 68
946 875
478 279
151 407
528 726
876 254
576 194
596 13
282 85
410 142
763 532
712 514
947 349
343 636
469 673
642 501
534 207
718 536
455 914
399 781
671 866
638 275
214 974
415 32
112 561
738 477
776 738
779 261
819 516
197 888
73 426
680 350
205 349
816 270
944 467
516 883
334 178
392 661
488 355
232 468
855 340
33 645
161 323
626 572
58 48
777 518
462 278
926 481
267 804
486 424
56 977
509 777
909 644
419 13
121 769
30 69
604 890
987 98
458 892
345 639
298 773
678 781
449 663
836 261
9 223
503 77
968 996
420 647
270 101
929 911
659 226
308 508
845 633
919 556
797 795
744 922
212 656
673 386
325 671
768 442
623 386
91 533
934 491
826 736
445 22
484 620
322 323
207 714
222 440
79 593
43 551
122 244
696 187
808 405
681 169
631 949
601 66
751 702
400 167
398 950
844 108
464 798
923 538
351 515
619 243
122 313
48 842
415 486
623 951
75 581
370 847
196 456
376 452
177 181
508 705
680 28
663 461
850 340
392 964
335 172
83 63
266 997
283 862
827 204
370 561
560 961
188 898
301 157
858 746
949 721
913 540
872 962
927 14
196 4
660 395
183 270
885 400
334 142
634 912
727 333
30 135
68 94
629 923
560 190
284 534
671 154
177 706
142 620
270 545
661 144
720 436
95 564
243 321
87 48
724 515
901 274
104 40
67 188
418 462
172 11
537 61
730 919
802 296
640 435
146 114
75 374
762 548
690 584
782 329
164 672
496 144
722 674
355 87
203 346
969 983
114 690
541 367
890 307
708 736
74 260
261 244
528 993
231 478
52 755
84 204
925 530
41 247
978 592
724 412
706 739
301 317
1000 988
14 674
951 985
162 103
848 656
667 244
905 687
357 402
891 530
892 841
452 718
235 214
182 499
771 178
112 144
719 264
103 626
154 368
374 400
135 971
197 339
857 535
586 127
344 638
456 408
261 881
98 693
304 220
859 522
607 596
24 747
413 123
707 622
889 791
546 560
304 171
144 324
953 562
202 582
855 161
268 976
650 754
614 131
561 21
304 58
675 29
343 507
219 137
185 777
647 227
119 656
750 562
827 295
152 109
210 479
266 477
824 543
732 376
953 381
761 211
824 398
164 919
772 598
385 618
647 278
261 215
906 156
29 91
176 433
512 59
252 388
18 460
950 717
879 217
185 453
390 912
767 493
768 82
588 381
679 22
772 372
631 313
982 77
658 271
181 674
293 312
332 274
117 548
283 254
824 338
132 404
762 794
209 746
268 761
696 132
238 527
387 221
724 321
706 340
669 576
429 987
327 348
341 21
170 850
819 412
303 823
625 413
364 327
443 944
943 775
430 174
947 320
714 93
110 834
805 866
285 141
297 539
409 113
121 191
488 726
875 994
823 322
75 666
247 389
810 859
171 987
319 776
157 644
770 387
470 693
254 76
827 244
495 866
244 418
414 412
822 265
571 11
663 731
28 978
604 113
127 548
702 706
203 803
754 945
694 102
806 876
20 81
8 953
871 570
342 332
489 264
841 611
346 131
149 420
868 780
251 770
876 391
532 91
401 559
309 174
313 394
114 54
946 649
742 956
195 430
217 775
649 402
285 838
34 710
678 743
237 77
977 926
636 117
599 355
234 897
19 215
333 971
136 25
49 808
928 21
402 196
810 217
683 861
151 835
242 406
835 550
322 495
820 402
236 41
712 441
79 749
625 351
454 3
554 853
442 107
139 537
981 370
602 633
108 130
71 270
623 813
409 307
780 358
713 201
947 303
876 255
594 584
443 988
409 220
762 242
933 878
893 604
170 783
889 237
338 157
853 522
585 228
760 382
614 361
763 885
413 542
395 63
143 119
371 140
231 690
493 770
613 432
53 548
68 123
932 716
935 671
483 548
798 173
893 113
486 425
859 897
586 587
401 745
572 554
775 135
100 315
360 456
786 732
641 231
492 573
163 615
238 425
84 97
85 570
855 42
860 412
128 333
826 284
388 791
206 570
581 904
873 799
252 460
644 480
310 532
373 608
599 150
503 253
358 800
878 475
555 84
665 948
596 648
835 484
450 794
514 903
566 628
990 640
520 268
902 586
355 139
105 848
126 842
456 850
644 149
517 417
22 513
903 904
133 424
833 859
88 957
325 944
108 448
435 144
166 288
259 478
670 720
95 954
508 909
17 16
848 550
45 578
579 662
377 429
781 206
758 511
322 661
472 314
871 222
149 612
847 381
478 496
923 133
11 591
835 945
896 823
849 873
701 776
353 122
546 843
722 132
362 248
328 296
606 927
461 240
244 196
987 532
455 774
707 629
96 34
370 385
558 444
962 861
345 837
805 749
37 883
519 435
650 686
577 838
411 921
346 345
458 959
699 215
96 256
974 95
150 557
879 486
972 644
664 237
119 429
508 100
733 637
863 562
954 890
665 709
803 627
321 470
96 620
309 812
777 876
744 217
392 206
825 963
577 357
471 694
795 426
350 957
498 880
53 274
990 749
312 916
847 876
787 305
947 954
947 826
855 925
269 282
130 608
702 48
939 430
958 414
714 610
363 336
201 525
787 786
271 493
311 720
784 636
71 176
300 726
1000 590
965 708
844 711
938 652
353 164
378 400
970 61
53 839
239 656
511 159
793 540
944 592
250 407
602 928
73 182
871 278
404 554
131 786
83 109
139 271
508 742
235 358
248 27
353 864
54 686
154 883
211 382
656 401
524 152
893 983
489 497
570 298
953 418
1 125
457 531
976 525
167 351
390 73
638 917
567 395
401 800
203 668
225 648
484 131
392 91
589 288
100 499
981 598
973 722
802 107
18 442
593 54
603 125
180 474
137 163
384 687
367 948
243 634
595 657
322 119
146 470
215 736
510 736
55 795
973 308
132 212
66 112
503 165
502 742
956 617
34 557
846 685
43 832
744 979
947 790
752 462
734 690
458 329
920 606
995 34
743 919
209 745
431 30
205 702
739 41
579 560
430 354
52 720
827 730
899 185
717 738
165 304
151 28
821 644
72 168
2 300
776 108
828 224
260 628
580 769
367 702
429 875
892 767
700 426
585 32
170 921
11 663
131 455
671 667
258 484
260 682
690 35
283 603
474 918
239 394
759 39
704 203
797 912
447 633
504 417
569 835
201 327
954 271
314 942
225 345
889 818
819 603
680 465
243 109
334 84
500 836
103 425
295 815
205 409
833 912
667 652
656 667
896 170
327 906
555 431
58 141
258 987
310 17
997 30
266 510
711 800
253 382
751 227
280 302
137 363
66 259
99 729
265 15
268 858
345 671
142 839
401 447
453 910
424 616
332 81
243 598
928 328
587 717
492 271
602 2
159 973
860 846
990 677
536 940
170 406
389 840
502 963
435 6
364 992
471 860
517 76
868 464
617 971
897 671
929 700
625 205
791 786
792 756
145 11
174 784
856 423
216 6
969 712
259 114
636 570
529 400
657 91
197 535
776 311
224 742
545 750
32 519
57 732
879 811
71 414
538 273
410 140
106 895
589 834
755 614
700 61
956 151
867 596
805 109
619 55
603 938
32 741
921 169
500 954
227 834
921 914
383 591
760 238
745 382
626 961
193 967
915 692
220 440
811 519
722 86
794 379
998 235
821 322
694 208
189 792
100 341
474 430
936 663
427 28
211 258
472 618
73 996
314 390
30 571
11 426
811 42
151 674
116 701
730 945
661 461
76 227
574 870
802 373
967 845
660 779
311 809
555 87
39 382
209 535
664 77
896 828
677 456
734 763
803 600
700 959
817 929
731 551
822 484
850 648
44 970
498 702
338 683
545 831
965 606
105 992
697 740
882 536
408 773
406 272
29 37
834 343
528 211
875 353
292 415
19 577
299 849
191 839
639 361
966 203
472 315
715 329
3 85
633 960
156 621
237 194
733 357
770 785
291 403
883 648
238 229
373 374
107 438
415 113
219 528
383 269
23 876
799 287
112 607
480 467
380 628
3 263
223 990
188 627
532 150
728 552
34 361
241 683
348 329
955 211
78 102
689 387
543 56
198 468
345 757
510 461
918 948
387 715
203 576
185 205
60 975
96 496
501 875
392 401
764 807
135 857
911 474
859 29
751 27
110 145
639 219
750 958
461 490
593 491
868 59
134 419
63 283
820 134
325 736
167 297
423 899
579 825
851 956
489 180
118 714
416 947
470 378
18 27
700 579
522 667
757 527
333 867
472 505
808 371
917 831
535 736
924 313
856 415
383 114
538 119
505 480
257 957
629 487
3 470
999 181
800 469
196 678
568 625
492 217
435 570
423 622
370 881
996 909
499 367
943 978
912 14
589 778
41 544
127 501
524 955
546 735
787 212
76 818
920 440
370 595
713 136
397 399
457 897
944 413
284 854
214 540
43 473
405 786
784 371
876 795
519 39
833 804
940 248
959 300
147 308
169 684
310 227
261 324
134 210
379 303
955 586
168 904
910 706
332 46
26 961
498 770
29 202
762 865
630 710
652 924
209 462
962 4
963 741
469 116
142 906
865 823
114 325
334 206
189 373
778 690
356 410
288 359
473 226
860 794
190 769
1 976
166 286
758 324
230 941
411 197
89 291
565 738
93 507
880 486
579 704
376 997
692 993
452 526
398 620
404 745
401 821
525 191
139 588
191 927
309 820
588 737
728 181
478 457
300 28
418 652
37 502
240 718
684 631
693 467
135 809
654 639
785 508
159 427
509 318
778 787
447 632
667 127
289 522
755 683
352 214
387 953
600 444
197 786
515 437
367 422
764 787
138 448
675 218
667 655
542 809
376 954
699 622
537 175
385 426
464 173
906 92
210 449
200 386
251 663
234 459
556 12
590 231
835 95
803 701
494 232
595 575
538 630
411 756
552 778
845 443
630 691
939 186
190 317
673 10
32 382
217 950
199 258
56 116
790 931
384 571
846 866
665 990
526 289
416 908
442 900
973 424
316 941
64 444
843 896
342 889
511 786
576 537
795 825
175 75
313 726
388 256
476 204
308 607
348 540
193 489
265 932
109 597
314 527
991 331
813 599
151 400
814 336
227 534
89 578
558 853
608 734
45 894
961 925
374 714
749 534
954 462
188 778
72 819
282 414
491 955
912 238
542 728
444 595
943 635
162 284
788 568
515 256
495 128
206 205
79 321
337 354
836 844
672 805
927 23
573 635
243 72
975 315
337 243
48 106
825 678
239 252
242 816
279 865
221 155
675 164
993 98
185 176
186 347
757 505
615 454
987 103
91 170
42 378
937 407
90 110
789 662
351 261
812 281
809 549
95 768
707 386
981 879
910 293
381 671
75 476
562 806
299 660
281 897
540 849
43 651
815 345
713 906
617 386
899 978
294 792
613 566
857 124
584 772
490 639
517 304
867 183
226 21
28 259
844 733
687 113
965 895
787 583
903 161
611 779
648 287
151 436
524 690
302 64
822 190
417 810
642 293
785 559
875 492
2 132
351 669
687 343
468 415
830 222
589 869
699 301
662 915
903 479
944 660
945 173
940 886
413 591
96 285
126 230
366 593
860 66
379 710
987 391
127 323
427 716
104 623
427 389
655 86
453 624
241 682
516 850
23 674
768 831
452 312
806 39
12 504
774 261
522 354
924 690
33 279
90 800
789 968
294 414
204 909
636 851
608 284
534 628
632 402
959 489
502 588
470 46
146 304
699 548
359 802
160 892
358 883
863 722
467 645
32 422
870 484
41 312
740 510
579 824
730 180
514 873
703 347
579 969
411 75
434 296
944 60
79 566
540 36
240 118
776 146
139 722
726 650
801 545
325 803
37 255
535 336
918 344
442 513
300 615
671 624
163 912
677 47
925 817
729 432
473 754
131 788
317 545
503 986
277 147
614 420
893 755
15 771
548 504
879 576
45 492
186 223
684 690
685 135
334 463
71 299
589 619
422 914
349 658
603 875
689 93
708 335
139 124
451 190
694 238
971 951
444 948
538 778
632 97
280 54
86 606
987 129
552 610
738 853
722 174
959 303
547 937
587 884
327 561
826 240
220 647
424 848
149 397
29 569
48 272
379 302
18 440
915 826
347 268
989 757
42 306
780 688
712 326
626 180
309 248
312 84
756 535
631 389
774 36
925 30
512 173
574 831
160 247
273 808
826 564
238 263
356 411
303 252
216 270
895 630
914 51
978 894
890 338
40 875
407 3
100 535
766 880
433 396
1 832
734 466
62 431
209 905
451 800
892 650
144 114
455 644
793 589
39 837
852 232
301 286
429 873
781 20
343 999
839 802
145 306
643 207
575 996
64 398
762 221
917 677
116 338
817 656
211 62
103 116
784 38
692 695
842 228
182 333
534 150
105 390
480 45
297 681
392 927
634 642
984 621
215 399
126 62
258 260
483 815
101 484
139 11
358 413
729 735
513 282
785 541
770 363
284 955
10 608
718 252
637 623
565 599
712 53
713 476
695 212
679 5
115 470
479 601
817 366
379 349
986 303
272 805
573 937
208 163
601 652
341 905
521 499
116 603
355 805
372 717
411 981
674 179
915 199
823 598
510 887
266 956
167 268
635 874
392 136
670 319
104 242
881 494
350 891
422 36
374 774
282 763
800 884
69 785
816 763
865 850
759 122
139 943
344 479
397 363
435 8
271 438
882 867
217 192
145 99
834 369
446 539
964 988
363 171
909 972
481 420
288 516
365 746
149 589
79 780
761 221
961 995
466 323
417 781
449 651
970 115
308 894
572 131
867 457
31 830
126 376
258 454
795 277
33 974
291 18
75 699
512 851
728 735
380 594
577 974
243 107
656 475
151 818
435 896
920 352
315 342
428 207
926 346
893 925
505 836
518 148
96 359
464 251
797 727
689 502
656 761
987 201
510 550
511 981
798 35
677 946
882 368
419 754
462 564
265 216
599 77
215 836
582 948
129 682
846 969
722 555
62 88
209 388
742 558
798 876
178 589
358 807
180 3
271 244
94 999
540 803
635 231
621 456
787 138
866 401
298 325
598 88
636 779
416 792
736 909
113 609
4 247
117 650
619 568
147 549
397 480
473 842
991 392
5 747
915 628
325 846
182 713
97 807
813 553
50 87
804 316
342 727
92 766
787 582
991 686
743 313
212 199
109 713
75 633
794 153
134 40
249 958
533 572
435 593
220 201
612 455
443 106
338 124
233 338
326 997
685 893
883 424
495 822
814 958
562 175
638 903
606 700
462 84
390 125
374 864
68 203
732 114
625 998
935 559
936 599
906 819
311 657
83 272
859 881
370 158
483 581
836 71
953 357
665 345
189 683
524 420
599 992
717 85
276 877
452 461
708 212
308 596
67 160
358 993
989 769
792 195
972 772
484 863
964 449
414 550
623 204
713 570
111 408
631 337
708 817
856 549
341 163
832 9
330 692
810 122
833 267
822 775
446 358
162 983
317 11
506 68
142 206
788 233
790 586
722 960
579 601
710 509
602 282
839 27
4 696
368 188
687 935
946 223
469 402
143 887
420 202
577 473
762 87
122 502
494 179
750 410
573 141
353 42
830 516
746 579
109 685
322 918
14 960
614 421
927 456
234 17
913 618
510 162
853 944
802 930
343 262
918 884
666 213
704 384
952 407
29 531
283 783
693 572
585 387
200 127
861 374
594 83
105 38
949 979
417 226
681 769
77 184
955 796
864 526
656 705
34 109
916 115
129 839
521 581
686 605
467 981
780 546
33 419
952 327
91 149
932 997
355 776
906 152
377 960
46 879
716 311
297 663
111 654
498 768
850 557
797 82
319 818
251 88
20 509
351 493
388 121
482 268
835 272
229 513
839 328
587 691
551 468
596 707
541 222
669 905
545 155
88 858
360 991
625 85
492 196
882 892
922 551
722 789
254 121
351 12
398 848
496 414
98 190
178 198
655 360
126 528
1 839
218 711
118 84
619 913
175 151
16 260
473 563
735 975
939 826
62 154
482 803
122 266
412 602
339 477
197 109
269 848
509 331
516 471
991 631
78 909
300 874
687 270
672 573
305 4
823 350
511 402
24 604
206 324
245 738
942 184
866 585
174 451
760 40
715 974
233 133
292 917
738 421
900 852
271 569
914 952
664 923
292 996
423 325
340 1000
534 352
662 277
21 403
870 392
935 324
918 626
704 650
164 432
323 228
894 365
720 368
350 719
723 358
461 334
357 269
929 132
898 665
958 793
185 485
997 334
602 158
159 825
754 117
699 732
773 61
282 760
393 289
982 109
910 510
472 230
240 322
187 845
557 807
616 253
873 722
677 418
915 277
903 928
703 402
905 303
155 408
801 398
201 714
454 244
862 241
541 452
49 526
66 996
341 302
385 332
98 53
62 584
456 615
148 805
994 251
852 13
197 432
75 604
81 671
832 113
207 107
447 952
927 354
269 884
476 152
124 373
741 900
120 946
712 662
417 622
750 673
264 410
2 960
161 851
900 953
658 759
419 185
113 748
560 937
499 71
552 210
637 693
672 807
766 11
159 187
326 664
721 762
150 426
183 615
376 873
323 930
567 95
642 818
613 269
228 877
195 124
33 265
510 551
742 882
135 352
449 761
309 29
203 566
656 592
156 480
673 202
11 431
492 584
294 338
78 453
635 920
571 565
53 137
554 366
972 977
310 744
665 527
761 866
933 3
433 783
410 192
860 702
835 47
904 192
263 883
86 178
933 859
801 313
899 980
22 517
8 243
373 831
853 5
584 774
701 177
944 842
32 856
41 158
841 423
456 643
849 988
957 265
836 750
487 428
415 493
277 268
460 950
268 484
28 594
675 697
895 466
845 730
341 811
738 267
900 526
188 808
358 891
619 20
177 57
505 660
380 512
997 298
932 447
93 997
215 438
325 274
163 203
530 431
3 530
336 757
667 555
462 452
980 641
674 308
824 665
381 140
897 83
203 756
485 190
12 514
739 663
6 32
621 615
470 189
626 831
254 580
275 449
918 661
263 544
180 450
8 339
84 658
887 869
661 494
424 547
578 348
969 841
22 711
920 727
904 252
367 616
583 866
74 702
886 817
134 704
1000 660
359 659
51 226
646 594
731 516
91 741
809 946
593 539
868 491
28 242
839 26
329 341
645 365
136 97
728 173
585 612
213 811
896 969
622 585
849 441
903 654
151 101
317 861
563 29
786 324
435 398
202 399
482 408
192 233
157 921
675 708
779 402
594 524
511 353
1 933
903 428
634 509
62 866
466 411
512 807
654 614
936 135
921 245
850 309
689 881
174 267
196 327
469 981
254 85
102 25
90 625
73 357
201 312
767 229
605 857
135 394
284 960
945 826
127 535
789 121
827 314
614 74
3 812
760 775
707 768
319 206
711 824
154 988
695 355
738 962
741 481
68 861
312 231
789 859
224 563
479 773
445 917
800 652
936 105
328 625
682 864
459 217
441 822
880 442
262 708
379 14
609 817
721 287
5 110
782 302
86 139
307 842
644 331
938 790
868 169
265 322
138 720
602 477
127 474
734 694
365 337
424 317
278 456
925 687
325 995
25 327
259 52
722 933
999 615
820 298
771 358
791 891
744 516
853 430
318 651
819 114
931 620
13 104
58 627
679 695
684 995
649 608
524 884
249 900
627 772
589 858
515 11
473 716
774 756
61 493
690 479
309 460
288 823
608 700
700 132
723 93
120 6
267 451
505 588
487 356
384 293
646 589
854 800
107 657
918 785
578 830
280 997
966 621
489 741
242 779
495 79
208 391
581 842
55 695
239 74
88 177
281 622
492 726
772 928
650 68
301 691
133 836
513 964
685 574
711 578
33 63
640 449
215 787
440 39
152 417
744 21
263 761
412 213
751 818
773 60
902 976
564 215
469 21
920 527
528 768
194 268
216 236
327 232
437 600
938 927
833 99
924 94
818 761
571 787
308 683
829 471
297 190
406 264
99 230
283 511
675 977
359 296
862 129
937 110
630 237
758 470
88 196
895 26
793 559
357 680
527 261
54 600
771 96
809 309
774 833
547 457
356 143
743 245
671 872
287 83
689 261
456 469
165 563
315 394
103 235
361 472
110 701
497 648
831 743
138 995
177 510
867 576
935 517
976 570
594 137
7 315
244 306
11 115
294 205
992 436
171 361
337 1
998 382
348 391
721 923
280 159
561 818
17 796
551 859
973 5
441 908
560 502
411 548
198 876
608 482
293 520
294 339
406 889
63 402
30 361
273 724
769 719
535 788
134 443
623 312
526 969
657 622
23 666
114 313
368 436
307 51
36 595
207 522
431 354
730 497
235 821
678 113
572 492
577 66
616 504
40 180
23 21
463 210
343 824
861 827
473 618
22 215
210 655
174 18
840 746
641 975
343 518
861 172
634 486
706 955
560 81
914 588
664 647
471 209
758 847
836 909
858 837
362 116
515 439
572 903
621 93
542 571
340 579
827 51
332 755
222 683
525 695
104 594
124 653
106 384
401 942
850 3
409 767
928 857
765 244
858 534
106 275
437 137
154 685
655 527
114 153
77 99
498 56
172 825
256 850
655 956
695 399
842 833
60 954
21 684
454 250
989 799
221 645
336 193
264 830
462 897
427 833
967 924
381 719
646 371
868 39
284 464
69 838
397 719
860 643
481 550
479 87
784 398
944 10
545 863
471 768
835 259
691 437
179 73
457 367
147 551
494 850
60 223
9 522
619 951
821 683
380 527
80 657
724 410
84 57
981 309
979 509
627 815
161 816
386 87
690 169
446 980
875 111
567 941
951 306
610 496
280 637
776 578
197 338
269 699
970 792
573 365
12 227
72 846
35 66
295 524
358 591
68 154
793 635
262 238
465 498
873 269
529 553
589 505
833 911
194 579
102 888
196 245
513 221
203 659
958 513
6 114
355 556
599 785
466 623
146 625
932 912
687 62
825 957
590 255
665 676
793 415
598 495
190 201
64 891
324 631
129 615
313 258
554 932
910 369
380 318
678 765
327 481
863 307
653 21
281 973
142 910
824 97
274 126
763 84
838 518
786 229
67 779
725 400
928 126
948 369
752 338
942 659
356 740
451 916
178 196
714 786
36 762
536 738
904 838
835 878
801 706
549 932
633 947
980 32
567 512
254 261
951 737
218 999
439 397
900 673
577 340
351 577
67 994
283 673
729 401
68 410
753 555
426 60
480 177
128 541
898 49
936 868
168 270
961 727
690 431
840 256
322 125
770 503
261 736
250 761
182 98
43 424
547 104
290 3
883 128
50 883
833 875
727 371
506 885
214 418
343 730
241 448
152 79
745 48
929 297
479 49
27 966
638 660
472 603
877 240
772 560
539 839
760 514
603 92
752 690
437 276
104 245
303 447
674 801
240 501
21 966
371 248
531 9
159 968
807 844
60 567
668 182
854 169
520 335
342 893
933 822
679 278
41 390
230 311
151 857
191 584
175 87
531 231
537 870
421 499
60 277
957 1
917 883
979 422
100 645
47 510
567 759
507 653
880 97
460 829
248 845
231 194
966 115
70 68
515 985
329 78
936 34
210 827
68 429
305 981
326 877
85 765
334 360
338 151
451 460
639 39
344 572
310 273
221 202
426 754
227 841
629 878
996 679
558 426
392 781
651 142
716 806
813 168
138 480
157 388
858 563
175 975
125 112
107 525
971 880
438 407
865 741
975 692
196 205
932 601
238 448
95 184
817 399
169 744
314 387
128 323
772 532
688 267
47 632
657 732
506 730
358 843
216 981
378 272
783 37
181 883
557 760
1000 299
711 327
161 751
489 810
994 345
188 698
406 715
943 272
838 590
843 932
471 895
526 155
840 958
87 847
938 771
5 744
69 421
362 433
880 62
169 471
44 741
4 341
173 391
943 231
1000 999
439 324
919 94
710 193
694 41
552 191
404 540
174 130
761 531
291 162
844 782
634 342
269 119
715 571
20 723
629 209
442 173
284 680
724 827
158 801
783 962
698 858
862 585
422 874
663 680
64 518
142 570
174 463
953 392
129 94
370 157
747 537
307 692
604 166
533 110
241 392
739 665
793 273
393 931
372 189
716 703
794 953
354 600
815 709
910 747
200 514
946 992
114 120
21 540
160 880
554 320
366 354
460 163
962 61
566 173
126 582
458 460
406 612
65 166
28 46
570 537
19 277
5 298
190 878
908 685
748 812
749 5
456 884
843 64
23 346
939 565
744 667
943 421
486 528
985 151
252 914
254 722
239 952
791 849
614 796
299 803
782 908
718 782
67 988
120 671
301 310
302 241
273 285
974 551
39 818
387 277
926 842
623 976
636 478
474 334
552 42
992 817
274 784
461 658
542 645
514 122
382 108
828 286
386 489
756 634
558 115
390 289
410 483
927 90
234 175
712 625
309 671
435 844
573 590
6 263
651 140
564 923
884 148
298 531
11 186
216 952
675 147
413 617
181 326
315 512
209 5
12 544
617 511
389 410
82 668
970 850
53 45
813 429
368 561
560 447
512 50
142 877
713 663
961 730
531 895
683 72
316 535
136 149
941 784
433 853
307 844
435 48
243 701
494 525
298 280
229 736
820 389
490 544
731 610
934 133
38 462
89 874
562 716
820 308
804 657
87 887
292 333
568 929
300 688
65 349
853 428
396 227
804 736
531 424
738 124
114 770
193 433
290 829
141 177
144 219
589 967
797 948
992 10
18 591
630 390
20 548
443 322
25 394
387 559
816 395
317 690
676 111
328 245
366 525
7 511
335 786
893 772
451 241
90 595
353 759
724 994
50 561
767 908
60 442
922 461
697 657
564 29
517 720
703 384
426 339
450 717
651 918
428 261
450 333
214 274
877 562
822 221
864 963
525 758
484 60
910 560
513 986
697 165
203 924
995 392
730 494
547 679
587 626
362 836
6 341
741 229
983 296
566 496
886 605
579 871
601 803
750 252
130 947
61 822
928 44
450 672
161 691
695 954
57 514
632 906
651 32
976 941
700 759
169 105
519 55
999 901
752 206
972 451
919 196
596 311
930 971
811 964
580 867
818 936
835 986
250 358
514 401
399 913
187 379
81 668
600 208
230 319
418 685
391 162
908 8
510 110
476 10
59 18
727 579
100 649
609 96
419 265
546 627
374 792
250 794
607 826
171 730
580 182
375 602
762 75
875 626
172 192
932 602
223 535
738 793
868 856
232 250
216 799
677 958
772 902
259 877
647 454
337 801
777 889
975 890
321 341
603 187
198 765
364 653
301 371
78 635
861 243
639 834
727 123
255 629
934 400
403 296
78 746
359 539
714 742
640 717
773 276
113 245
95 45
929 737
353 73
181 532
739 22
614 998
407 214
283 44
69 531
531 258
258 38
921 674
10 963
905 473
487 149
89 286
801 649
822 797
288 548
198 91
753 656
420 33
615 750
880 797
454 256
939 916
707 489
709 502
638 420
50 181
805 803
754 909
724 213
323 724
509 225
236 607
185 539
663 314
353 861
337 304
780 246
31 60
624 496
589 578
384 239
292 936
263 647
234 219
201 402
384 158
572 743
497 571
573 666
522 412
794 345
493 13
228 957
889 605
428 175
106 273
466 84
85 645
637 440
125 132
776 555
81 102
564 597
535 193
159 591
204 356
501 742
941 521
854 14
102 527
322 151
755 339
513 392
103 947
911 198
368 756
241 122
740 20
706 132
380 463
234 945
147 986
331 73
223 207
705 836
152 580
862 659
374 169
730 177
643 538
355 172
69 614
402 263
411 255
984 171
982 650
730 467
182 830
131 236
539 251
444 125
706 328
959 654
47 448
987 909
903 178
739 272
939 722
524 764
874 521
307 348
572 208
219 709
184 768
793 662
799 360
35 247
453 172
19 942
79 230
300 785
616 914
486 44
415 224
291 46
37 574
222 762
358 490
270 888
348 180
577 906
945 942
768 865
287 843
642 838
910 498
410 642
712 30
15 605
111 4
134 69
933 247
159 402
950 443
935 301
919 936
133 883
685 838
762 862
379 293
180 306
751 69
717 117
619 571
849 69
744 173
836 325
109 826
904 445
479 151
924 800
337 762
158 504
87 306
237 97
459 171
114 592
833 378
281 979
753 677
730 226
696 942
489 848
56 461
938 23
367 659
989 507
484 865
835 421
985 464
400 426
511 868
597 227
246 499
448 422
18 817
843 111
369 996
249 318
711 44
416 691
92 924
734 471
147 581
518 980
382 621
49 631
710 364
527 942
508 972
727 101
677 125
5 944
634 58
751 218
876 147
71 435
831 921
79 932
652 316
503 772
16 38
605 380
680 77
573 286
866 776
867 545
581 243
283 592
233 413
948 443
589 808
496 941
604 299
141 483
291 458
720 808
115 782
527 959
492 924
242 695
885 431
558 511
998 198
530 952
547 106
110 890
112 891
831 418
297 991
555 308
340 859
384 52
823 798
517 735
902 395
65 688
101 82
319 239
813 606
328 690
368 975
366 78
938 439
834 740
356 96
192 168
930 179
960 818
63 123
265 48
692 361
766 582
225 47
935 55
186 530
371 530
246 642
375 42
748 704
983 299
549 36
517 147
229 545
126 967
678 878
950 963
293 452
592 831
62 131
389 945
122 886
263 920
861 641
691 382
784 556
801 386
746 479
972 365
222 84
574 137
283 496
657 195
587 14
130 325
181 896
330 140
222 886
350 331
978 528
615 709
173 306
302 46
965 790
931 666
145 273
120 839
396 486
879 929
990 266
974 911
281 98
927 744
690 510
550 594
864 309
839 634
849 551
900 933
281 19
637 704
927 396
414 337
685 202
707 558
729 830
685 91
667 752
512 703
536 309
184 11
360 417
627 101
526 986
940 190
564 13
836 511
547 868
253 283
203 554
840 455
673 206
979 50
857 159
712 308
198 867
110 111
347 331
403 77
7 567
375 153
359 820
185 261
276 948
782 378
568 194
713 831
610 581
111 496
740 448
557 758
194 508
911 899
901 249
868 364
961 390
48 793
913 283
678 997
995 99
276 714
70 885
79 157
991 503
922 650
649 882
843 132
862 96
184 519
246 791
408 567
1 572
257 938
40 70
684 791
61 304
641 972
335 6
961 627
319 869
139 283
987 767
418 718
475 387
827 854
867 851
116 407
906 587
983 619
710 993
287 48
399 650
515 213
845 582
566 943
797 995
616 966
504 480
509 81
491 554
244 482
319 496
874 121
710 643
346 446
970 596
516 856
832 541
800 697
159 296
223 741
115 484
281 442
907 474
843 882
677 960
343 204
860 346
399 334
845 138
685 865
483 473
245 794
587 991
290 299
538 581
94 191
431 718
87 184
290 666
733 742
699 570
518 18
371 605
925 52
484 836
503 40
927 730
877 795
111 423
829 600
907 614
967 814
74 555
381 701
627 701
97 666
380 507
19 279
113 144
49 872
817 966
782 112
288 244
155 12
863 15
316 194
122 17
463 801
179 74
51 805
221 731
331 263
683 554
689 681
856 102
213 823
641 782
236 504
198 226
866 3
313 897
889 482
357 668
601 470
72 516
53 847
735 871
121 57
733 322
65 324
255 130
115 535
994 5
559 442
642 434
609 205
135 851
505 692
714 256
914 830
883 395
222 763
434 729
724 857
231 891
460 710
186 72
701 631
119 762
598 993
989 444
524 359
30 232
837 760
860 143
366 192
681 85
719 708
655 620
63 252
452 425
111 116
545 162
860 461
217 641
932 962
654 351
55 589
945 617
752 649
642 651
661 413
792 292
613 948
760 600
320 549
92 682
159 832
21 943
191 371
714 684
548 944
808 681
695 803
517 207
792 450
665 884
5 507
298 375
408 537
340 259
151 822
92 763
104 457
674 621
308 723
865 554
853 57
164 306
766 702
848 599
726 680
161 864
117 813
701 102
297 352
83 307
38 735
676 292
458 940
978 700
15 469
663 415
619 117
754 17
476 32
793 994
225 224
355 899
44 243
372 224
29 577
505 961
291 346
738 529
479 673
627 264
945 969
679 963
879 320
121 354
947 155
987 227
552 580
916 173
665 363
226 606
896 81
83 208
989 674
480 990
427 185
94 693
609 631
960 819
856 964
432 544
108 529
623 146
420 661
898 773
630 650
94 471
590 504
424 767
795 528
136 179
561 726
66 172
735 362
41 378
8 77
908 736
265 354
692 63
109 155
695 948
984 591
189 3
196 801
892 454
397 502
456 910
420 809
59 110
548 986
78 985
924 457
467 270
351 100
570 638
147 608
810 480
313 840
136 107
853 334
857 779
89 689
52 547
672 173
351 529
811 310
212 169
468 275
197 443
697 803
457 6
827 78
429 216
15 907
948 660
510 29
519 531
888 333
421 817
637 622
213 690
995 10
533 915
491 944
884 953
557 3
84 705
512 914
395 54
680 328
664 589
327 832
983 932
395 391
551 736
662 347
704 461
820 711
823 972
242 811
522 329
725 846
447 456
582 637
909 739
825 792
932 580
9 491
637 3
829 849
99 620
578 891
489 636
521 273
208 20
617 376
431 666
42 391
583 740
450 992
734 592
626 73
631 248
320 412
261 500
783 87
473 178
521 92
999 709
265 670
543 823
698 64
397 393
550 209
540 120
178 252
100 582
819 144
584 779
610 791
238 716
757 932
408 781
151 239
597 11
287 511
520 579
553 493
57 766
547 918
987 976
889 199
575 981
45 714
338 340
302 75
549 202
866 862
79 927
88 450
16 111
236 714
22 878
52 623
496 615
6 590
262 484
852 268
139 363
106 234
913 640
951 456
366 600
202 729
774 579
405 36
245 677
852 371
803 298
148 378
172 384
764 746
638 23
470 613
734 104
868 536
854 991
674 305
54 23
717 365
609 364
883 125
902 449
817 351
46 635
983 174
419 519
655 952
659 445
91 143
608 275
682 998
845 26
973 37
846 781
650 24
155 618
906 238
156 449
48 762
472 534
56 213
163 667
593 82
901 425
389 69
707 470
599 220
165 494
756 937
61 717
833 412
407 417
392 70
32 445
308 474
293 266
494 389
765 400
708 603
947 773
910 443
706 623
95 669
74 699
492 222
338 756
925 710
85 25
722 954
501 201
283 10
899 425
706 584
52 709
222 45
938 738
84 214
549 908
827 550
719 508
995 560
465 921
616 615
502 348
456 676
455 558
738 198
721 156
662 542
157 916
344 985
993 508
633 85
323 549
399 888
145 617
76 987
19 944
258 392
121 282
582 117
537 264
955 41
277 13
978 394
176 912
250 737
567 252
328 43
348 182
222 651
727 506
672 868
107 569
673 100
988 966
975 760
158 34
975 965
290 106
895 413
617 901
963 145
746 291
507 381
676 522
699 366
739 694
349 830
47 735
33 421
864 937
369 461
646 49
742 910
546 125
105 475
950 573
733 713
937 552
775 484
389 185
432 660
809 614
203 211
596 858
602 55
288 51
181 680
991 155
492 194
535 574
207 601
722 783
136 502
28 188
764 374
360 596
199 965
296 252
834 356
965 542
640 981
931 118
61 149
635 368
808 532
300 578
597 948
112 290
166 579
150 68
756 875
106 768
838 81
606 665
678 494
250 769
62 771
410 288
975 9
83 129
909 907
567 851
76 846
572 843
167 609
336 547
825 545
400 564
202 608
99 772
261 637
933 215
556 230
667 647
852 956
674 377
493 405
850 854
390 189
582 673
16 642
977 89
464 52
263 470
617 736
216 693
169 513
346 948
127 320
778 493
800 685
233 650
507 103
215 814
134 464
156 184
30 641
779 46
352 598
627 711
839 298
540 837
173 876
601 849
398 135
22 905
455 434
630 452
44 991
959 994
351 882
236 434
944 819
283 355
502 277
787 952
605 444
967 309
58 929
353 251
463 106
340 487
354 81
398 707
507 573
166 623
176 747
124 785
875 43
453 209
555 937
457 150
850 359
590 605
650 606
237 945
694 399
605 96
81 106
438 73
955 81
222 688
524 202
853 882
659 853
611 198
78 19
582 483
23 76
768 811
91 388
936 753
280 117
523 19
45 331
586 367
233 955
585 302
897 250
882 280
414 787
381 452
916 49
257 996
380 156
237 773
156 365
378 429
401 402
113 904
293 624
631 330
692 618
27 504
873 918
947 699
786 775
700 961
496 734
995 135
722 693
209 526
324 777
947 808
674 944
647 269
181 736
790 822
627 429
999 708
1000 702
490 980
990 793
97 606
4 254
481 767
675 867
527 194
985 191
400 259
482 131
892 602
253 708
373 147
167 205
981 284
932 885
336 215
875 134
343 932
514 368
662 824
226 510
853 579
802 695
288 773
993 64
723 171
13 317
136 857
491 927
846 295
266 549
997 665
45 124
175 649
171 682
559 631
907 254
603 687
675 106
508 297
309 296
560 218
552 22
724 549
375 571
408 211
451 91
381 134
864 160
646 808
315 760
834 520
428 313
655 522
366 376
986 383
16 699
237 967
533 106
238 480
901 19
357 510
934 518
533 475
699 975
955 569
368 253
525 839
933 694
271 51
223 298
902 883
547 608
930 360
275 165
848 33
612 90
338 918
762 555
713 985
852 536
564 148
358 43
881 56
809 811
203 20
424 327
920 588
643 428
57 575
244 767
703 464
959 570
393 370
416 682
880 463
679 427
50 483
748 206
179 253
507 728
549 445
317 855
391 432
928 14
857 834
766 482
926 846
892 860
415 463
144 493
491 861
535 78
466 405
853 615
196 318
549 382
236 559
609 195
295 698
642 35
681 735
538 112
386 485
832 861
742 496
489 110
720 734
923 679
928 779
339 428
177 313
245 561
932 703
92 140
664 821
521 876
220 147
691 353
785 655
509 853
55 681
40 904
299 251
926 36
17 846
34 100
418 263
203 615
295 79
243 294
851 551
133 635
176 477
379 294
731 13
551 798
78 404
194 145
58 20
450 7
658 7
752 651
859 225
146 268
347 437
80 8
804 994
105 619
458 413
316 531
568 675
959 235
692 438
749 417
979 644
810 89
773 83
186 863
904 158
543 889
892 333
163 812
843 915
40 964
41 429
297 59
207 600
212 322
319 622
674 619
326 446
263 290
79 530
948 493
566 852
348 561
477 851
919 188
728 143
156 648
508 209
22 801
101 808
411 144
287 327
749 664
182 571
74 144
421 653
61 374
359 113
586 55
624 206
447 530
636 530
88 443
452 932
92 451
774 633
389 344
864 798
706 879
986 347
818 373
842 383
129 504
903 172
159 204
785 533
988 52
607 706
902 364
225 448
634 18
651 172
992 430
885 605
228 880
673 965
802 163
205 96
462 689
30 85
786 751
159 585
665 282
915 862
960 821
797 414
925 73
506 707
640 455
548 752
864 549
631 353
798 79
651 761
322 81
105 583
824 147
554 260
383 480
995 362
100 846
365 661
485 692
793 764
271 265
311 844
593 699
167 488
933 817
806 1
97 561
204 883
753 910
369 901
812 769
339 861
971 460
198 224
975 893
460 683
724 360
887 716
445 345
247 557
782 840
95 393
391 504
212 171
947 312
141 209
288 651
788 892
884 741
190 160
512 886
175 406
549 165
550 710
737 973
166 767
941 187
488 573
586 186
288 873
984 593
269 591
789 360
556 421
836 181
818 488
112 779
278 598
390 124
569 583
641 466
632 161
711 873
512 289
675 175
750 753
607 964
721 925
82 721
837 591
270 448
599 69
637 242
740 51
161 23
125 990
753 413
788 244
627 388
699 531
460 37
582 940
812 673
886 934
434 475
384 528
721 345
617 517
551 405
498 549
887 29
65 78
999 711
565 265
325 532
250 690
761 566
118 245
598 195
711 96
434 140
537 837
421 402
60 310
334 909
440 428
253 707
432 124
298 381
41 135
361 610
144 136
606 104
269 615
667 228
500 339
31 885
179 958
473 669
921 369
705 474
457 927
432 354
590 527
168 316
580 609
619 13
965 41
400 863
538 29
442 182
797 992
262 240
463 284
214 658
179 717
168 602
298 614
181 508
932 644
607 794
19 352
452 289
976 563
197 965
441 208
573 655
704 602
194 1000
747 540
731 179
336 658
665 289
519 74
78 270
263 392
702 802
385 538
439 715
940 300
636 355
655 811
713 766
695 570
748 756
964 457
358 872
454 619
57 243
989 906
721 308
149 205
951 924
643 753
274 20
477 571
60 517
570 579
856 732
93 554
200 884
147 847
773 911
939 411
407 129
752 300
364 34
282 989
504 613
549 825
622 737
457 273
630 188
120 565
322 605
255 485
473 991
899 215
538 445
612 86
511 79
687 28
16 313
835 777
487 10
653 845
188 229
675 717
163 289
880 829
383 346
337 950
529 880
123 777
949 892
495 16
258 390
357 972
713 124
179 696
310 466
477 419
758 988
486 179
414 428
475 142
827 85
276 469
3 631
210 177
194 554
254 830
236 861
864 222
844 509
687 18
840 87
803 429
181 321
988 887
310 879
696 410
812 37
264 531
677 993
181 242
328 666
403 168
594 365
870 541
156 432
980 898
354 633
18 448
481 890
501 631
321 273
194 1
69 915
14 653
475 616
406 938
320 599
553 623
722 890
119 299
911 964
297 58
507 921
226 99
431 144
895 863
92 920
235 192
679 590
593 905
61 147
31 559
508 968
922 983
37 154
793 596
689 603
395 976
182 568
697 772
154 9
871 388
417 745
895 2
499 375
148 630
616 867
653 162
638 480
784 31
767 196
510 119
535 194
331 648
228 652
927 404
608 802
20 656
828 319
336 549
135 193
355 948
233 163
129 104
917 511
261 635
957 782
51 939
861 61
440 754
793 178
833 877
261 396
797 714
599 834
157 299
659 537
767 536
570 68
718 116
426 348
101 94
447 38
68 809
72 300
346 151
590 178
538 521
996 205
545 371
599 928
15 339
806 634
756 717
425 429
43 106
427 203
768 141
734 1000
844 152
332 68
228 437
449 416
178 606
164 669
312 1000
744 939
636 137
104 259
857 332
584 564
470 329
164 748
815 335
908 739
88 830
910 113
273 924
757 604
705 945
83 517
140 452
566 646
112 19
458 227
630 373
777 365
762 949
620 443
378 954
473 998
330 753
421 334
334 545
481 435
136 754
766 996
315 493
507 643
970 233
734 70
549 291
115 690
847 365
675 564
199 606
829 272
408 513
283 643
73 123
2 41
757 1
820 488
870 864
282 457
70 344
383 739
261 701
318 806
248 94
598 834
488 589
791 457
402 767
337 344
836 760
429 264
159 147
327 829
36 580
466 841
814 645
729 947
642 778
404 41
850 937
355 541
966 979
237 993
293 991
718 80
651 937
465 222
996 556
648 689
519 246
462 573
113 274
450 221
894 512
826 288
515 683
462 940
502 745
431 679
316 613
373 628
400 801
955 298
517 243
664 345
848 928
354 259
706 44
428 810
235 524
622 1000
74 642
184 190
132 38
133 267
706 95
959 947
303 191
18 957
806 34
208 595
598 192
66 849
784 524
951 912
79 725
170 659
486 432
545 933
175 230
513 52
848 530
260 928
500 301
338 448
924 351
734 34
718 679
311 279
494 923
44 626
631 686
249 980
895 785
880 786
921 368
671 676
411 380
432 355
692 705
343 535
219 621
10 512
731 157
137 264
205 739
166 875
634 707
447 698
505 525
966 642
70 471
483 878
194 711
909 546
270 784
555 706
458 931
438 373
428 315
12 570
911 446
146 516
916 96
920 99
519 69
333 498
853 264
587 979
417 63
401 594
150 945
595 609
983 35
318 489
364 552
678 633
618 322
985 733
308 54
937 578
555 31
350 937
351 496
101 877
526 940
825 245
627 641
96 515
186 953
533 693
569 248
825 358
97 527
99 73
778 532
318 390
311 548
477 732
387 236
953 980
467 346
35 702
207 356
724 306
763 284
144 870
326 114
273 134
383 103
349 179
611 900
283 301
840 702
533 645
787 621
936 81
130 440
26 249
444 344
908 239
325 75
383 325
957 662
500 39
227 937
383 298
899 261
24 585
371 568
482 745
305 96
180 852
72 885
400 700
797 963
960 956
343 281
823 19
770 413
516 681
149 64
757 283
650 743
358 382
395 448
482 550
145 793
188 665
814 701
637 486
855 275
323 98
875 561
508 190
769 76
76 410
390 212
198 909
968 252
586 695
860 314
596 178
60 998
480 566
337 979
157 104
910 606
402 785
55 585
612 282
523 315
446 94
214 234
863 683
685 611
30 680
75 257
839 326
815 487
565 174
821 212
441 536
66 162
104 446
625 852
603 991
614 976
596 571
687 876
246 500
861 553
952 891
807 647
886 132
660 752
683 522
353 355
834 402
193 282
274 573
282 208
847 245
585 921
715 266
349 628
672 206
687 273
174 188
885 496
714 465
310 268
240 584
336 919
832 780
686 91
766 389
953 744
382 434
224 60
63 605
889 830
780 187
249 607
233 162
380 695
825 550
770 353
759 885
742 109
580 344
926 356
584 155
603 745
470 928
896 311
664 787
591 376
805 265
907 393
273 104
238 303
497 855
565 718
983 83
306 995
492 718
283 92
68 697
911 359
289 60
74 826
695 460
309 177
313 182
460 3
719 410
9 173
566 718
462 960
618 634
126 816
649 494
778 924
189 174
571 836
688 723
356 417
940 44
170 301
133 423
620 751
139 822
265 759
196 813
71 223
454 237
130 687
916 946
648 48
981 148
552 599
342 598
880 9
717 698
424 63
644 875
918 286
645 574
593 773
758 89
631 709
409 318
905 641
249 63
784 862
761 84
602 876
409 539
111 534
723 144
82 248
653 197
747 246
602 799
804 119
788 604
687 410
728 681
840 291
676 905
127 745
76 877
24 304
352 141
831 751
375 675
806 987
383 960
276 398
498 298
206 75
758 692
458 908
367 60
370 368
397 799
396 950
806 645
54 190
517 574
336 113
724 738
211 913
485 274
935 496
114 252
315 959
869 124
780 739
806 615
773 358
388 772
584 371
24 863
915 237
223 320
43 998
962 208
29 135
535 925
596 669
812 562
247 207
792 574
939 433
671 83
268 551
416 786
805 280
819 304
539 356
607 362
924 442
66 942
342 497
344 52
606 332
348 580
493 621
22 909
62 386
445 266
28 278
257 572
294 753
580 830
508 572
97 174
206 420
504 152
607 320
408 606
465 595
652 193
802 690
527 643
325 487
749 517
850 326
743 17
54 862
258 339
10 400
926 642
713 215
567 148
804 250
382 458
469 856
773 85
423 450
598 990
286 140
58 119
264 913
140 625
555 594
721 878
115 491
29 807
450 284
983 170
877 611
125 158
362 560
237 964
388 986
707 188
121 815
983 27
159 565
474 57
946 943
907 703
581 556
105 483
441 801
996 21
341 824
372 996
511 616
147 115
778 786
812 647
445 874
851 987
564 224
801 242
363 545
290 633
75 501
222 356
132 116
692 76
344 498
566 557
752 614
199 76
844 391
180 215
223 90
322 441
71 22
734 338
111 727
169 26
867 79
753 796
483 817
148 323
874 849
856 508
326 480
588 787
203 375
277 740
279 58
31 565
514 561
397 139
621 417
562 261
429 890
50 113
424 134
800 481
767 93
145 732
427 723
410 200
84 807
748 382
16 79
365 970
405 467
723 72
542 652
724 247
892 358
453 295
701 513
775 894
451 217
600 428
161 601
383 523
187 244
10 263
284 938
140 646
950 147
975 708
671 223
185 132
348 464
152 123
685 815
797 901
240 269
930 54
381 280
399 169
94 819
591 389
461 160
816 945
301 695
730 859
273 618
788 63
886 686
733 893
431 745
124 109
930 280
937 556
575 230
595 668
217 240
47 569
322 72
983 285
937 445
664 355
835 282
583 680
830 3
647 955
562 997
174 551
476 731
676 690
204 842
28 184
605 690
342 984
715 94
772 817
973 666
49 536
892 558
312 522
645 328
294 686
601 388
775 190
934 926
258 215
991 347
4 471
558 986
80 885
192 95
909 84
912 184
62 692
266 589
897 241
969 394
516 473
409 446
535 329
230 485
549 287
534 173
572 976
334 391
392 906
889 844
180 809
343 335
225 710
124 407
712 834
430 517
676 997
950 204
606 610
241 670
298 623
889 942
945 972
927 180
513 128
732 12
76 552
920 190
300 416
485 108
949 829
733 918
699 810
15 300
699 923
259 886
116 575
9 323
856 858
543 282
780 760
295 494
823 570
410 16
151 685
159 658
398 510
672 514
855 24
595 637
80 247
794 863
669 65
319 856
379 37
472 833
640 289
616 88
65 246
636 139
679 185
147 792
99 51
246 422
65 16
951 302
468 971
86 398
126 683
807 682
192 925
643 374
644 965
409 396
762 34
467 130
870 516
141 206
509 500
662 784
480 230
120 845
106 864
362 246
208 995
427 574
177 773
818 133
103 141
505 646
466 401
82 136
961 651
581 98
880 874
776 528
20 611
222 656
379 679
440 545
955 194
946 714
613 418
560 818
278 597
110 420
58 195
665 473
448 998
703 689
975 700
944 32
271 773
682 636
63 167
263 417
820 994
416 504
968 821
845 686
21 671
158 280
475 692
683 491
441 772
264 779
983 340
40 722
167 171
487 378
588 187
880 376
355 40
798 746
678 908
122 797
739 142
77 523
687 694
235 558
854 205
141 531
918 144
558 705
886 850
407 239
139 853
657 784
611 89
558 560
706 383
320 46
726 890
445 236
749 315
643 338
718 826
511 24
635 316
14 721
83 914
842 65
97 30
560 658
444 293
638 431
486 936
987 757
296 756
280 665
997 564
559 285
719 91
903 352
943 547
658 721
900 790
371 118
976 312
326 754
989 338
77 312
278 625
485 83
858 543
825 718
863 770
214 556
665 437
877 610
719 715
825 831
294 777
485 309
345 482
39 402
593 196
20 989
742 999
925 157
693 225
930 245
734 791
474 169
458 530
699 560
223 278
830 266
872 28
251 73
893 506
51 922
143 113
626 23
311 915
937 576
510 954
773 234
250 931
797 244
365 210
260 66
706 14
691 670
468 813
820 58
783 182
451 913
893 90
39 742
495 672
977 609
711 176
943 429
911 643
956 808
45 519
339 790
675 912
141 52
969 691
625 273
917 947
519 803
369 723
26 340
979 358
637 862
122 115
784 776
748 89
785 225
59 373
248 186
301 464
853 979
833 746
330 416
121 285
840 493
452 979
827 249
223 912
594 804
442 73
940 824
297 714
542 540
854 786
297 847
589 210
145 910
957 999
484 339
177 317
430 601
159 357
551 593
185 794
738 758
831 439
817 237
51 961
712 5
803 430
381 166
333 3
834 616
281 408
524 492
116 884
328 669
539 965
24 182
393 967
