857
139 23
40 26
139 482
146 265
291 314
418 788
570 735
45 442
370 170
3 646
476 505
100 145
221 302
16 218
195 231
250 267
4 123
462 26
105 318
594 495
292 209
317 251
569 450
294 159
39 41
66 623
25 26
419 195
407 537
23 147
369 596
323 601
851 146
480 7
856 470
36 33
333 109
352 160
693 724
108 409
44 178
2 549
5 366
14 167
145 284
247 741
754 689
9 7
611 38
282 149
682 206
59 77
74 71
180 280
160 608
404 86
743 258
136 541
567 839
555 72
570 264
408 532
832 639
433 45
99 467
433 639
748 641
10 154
259 6
44 115
344 389
303 53
10 11
165 426
374 112
378 497
170 201
710 598
396 755
33 45
124 69
47 441
416 290
469 318
190 703
84 449
346 461
336 123
1 28
17 14
346 230
378 242
14 172
214 249
628 687
188 274
39 110
437 405
78 253
315 308
542 226
558 157
580 396
89 815
828 810
112 485
327 190
536 587
247 811
78 113
569 765
156 405
347 52
49 19
23 790
547 234
341 299
23 52
81 82
24 21
311 658
630 71
418 672
85 168
674 270
75 5
295 31
1 2
103 772
118 191
301 418
559 361
259 669
459 853
216 117
548 90
193 187
595 438
245 36
538 320
37 800
53 325
12 209
695 206
64 401
297 807
837 468
245 476
35 8
82 187
236 793
7 257
813 541
72 224
279 11
115 174
533 246
286 778
378 403
551 115
701 521
18 53
520 590
125 644
242 576
440 5
151 188
514 347
30 63
163 170
298 362
106 184
518 822
227 95
36 87
118 36
438 499
69 221
28 454
205 16
153 521
819 390
728 115
194 361
3 8
830 751
241 171
460 269
155 93
456 209
794 76
592 133
212 650
320 317
734 344
513 706
147 506
158 30
742 261
244 164
71 560
704 375
614 90
352 427
698 230
468 303
370 530
421 488
408 80
332 581
434 487
368 207
24 51
593 436
466 132
55 34
673 222
204 847
151 92
147 771
93 80
231 565
354 278
359 498
19 16
268 251
220 700
67 4
114 85
114 128
774 142
92 309
23 667
278 118
546 566
524 61
834 244
41 57
109 738
199 78
59 32
5 15
481 452
100 806
516 716
601 831
421 849
47 544
645 410
43 24
70 57
264 136
6 496
180 31
369 785
443 133
818 203
142 80
87 116
105 87
799 181
571 447
129 27
271 246
230 816
29 23
146 390
687 833
277 451
182 204
762 517
301 155
610 267
459 586
267 615
206 786
787 72
620 768
522 632
146 213
203 93
289 501
345 90
737 536
183 342
125 62
65 30
153 44
86 386
623 783
559 605
355 513
232 108
87 237
223 95
848 214
63 126
165 393
343 15
206 130
283 809
693 763
93 801
48 210
677 545
773 271
855 222
126 247
260 472
73 475
32 22
452 307
111 744
432 13
151 156
489 3
355 112
820 488
508 552
338 240
575 243
68 636
686 139
464 236
731 722
146 189
382 810
655 207
764 766
229 142
694 92
693 732
89 291
729 541
24 600
350 12
746 654
326 494
273 627
538 697
683 625
585 777
159 781
41 133
130 312
516 665
196 219
474 360
3 5
286 479
200 836
30 6
186 522
667 696
14 37
14 675
195 125
46 3
35 618
661 404
106 753
659 480
289 311
782 299
289 224
215 262
277 121
588 262
238 733
73 183
457 40
567 547
572 87
756 309
18 4
340 174
66 186
158 175
318 455
365 335
702 401
202 34
428 718
489 584
165 397
12 6
165 190
337 122
430 198
423 838
108 87
574 152
629 365
65 332
178 840
307 617
102 654
16 21
166 150
90 60
585 280
290 245
27 84
47 423
3 1
3 102
601 606
192 845
228 104
47 24
609 606
568 30
103 263
711 492
436 49
117 589
103 169
643 156
372 287
699 43
128 385
269 17
1 7
255 206
453 294
689 513
528 68
651 627
843 434
252 11
126 321
200 508
551 739
58 130
57 62
802 817
14 121
97 92
124 852
128 712
94 509
158 173
407 247
628 637
67 431
166 400
232 519
185 118
133 182
477 193
459 19
157 384
157 161
99 543
273 236
304 38
326 13
40 163
56 11
638 548
2 16
791 613
350 796
679 318
745 394
111 197
558 823
274 328
243 293
358 540
717 514
310 647
689 835
635 572
604 269
221 516
78 621
297 102
103 235
770 94
378 797
316 312
295 767
467 642
214 749
491 402
217 3
721 664
395 598
854 555
47 103
198 56
230 45
357 471
127 212
137 52
262 298
707 86
162 147
397 554
239 224
298 517
61 86
248 82
398 33
164 179
158 240
300 22
233 164
38 78
145 200
65 534
26 330
176 109
66 310
104 680
118 138
684 279
649 104
716 752
178 626
217 429
396 159
536 465
675 676
681 190
246 49
35 657
100 24
708 714
65 356
662 433
2 149
171 577
37 61
181 545
4 10
24 31
154 208
146 841
444 246
96 668
309 329
225 211
74 107
331 625
533 562
234 307
109 62
143 103
171 65
370 804
207 200
740 293
36 776
490 295
7 825
531 413
265 619
5 14
310 421
662 814
730 53
827 443
111 12
7 38
6 13
372 434
458 425
491 507
69 24
751 348
419 512
260 144
270 633
419 553
624 215
170 422
631 400
302 486
561 408
652 384
378 410
448 175
666 161
503 471
54 35
382 297
348 170
245 539
670 251
370 450
842 247
284 713
301 500
722 76
69 127
272 358
678 168
705 581
518 457
641 470
278 671
37 85
337 747
27 17
17 648
84 529
226 199
857 64
89 447
183 256
602 486
80 288
709 145
234 193
458 591
86 164
73 215
7 690
498 557
60 266
276 153
75 150
296 47
726 89
372 688
104 556
805 247
50 10
4 3
446 131
402 196
154 392
555 693
120 92
66 10
69 564
231 334
105 140
286 108
49 196
510 215
308 209
70 71
214 798
582 579
131 54
417 123
285 38
102 484
165 15
368 775
318 473
664 512
283 504
440 850
310 758
94 81
319 271
104 313
38 101
24 412
141 71
71 92
653 587
56 425
349 265
715 514
29 64
420 148
780 194
242 24
21 364
719 587
68 24
563 93
306 41
177 144
287 270
276 339
134 211
406 176
60 15
829 662
14 134
9 73
201 351
576 613
20 44
401 789
792 170
414 62
367 332
1 526
324 209
523 7
420 691
88 51
103 106
283 167
299 112
267 435
104 66
603 556
42 2
478 32
1 220
380 136
136 38
8 20
173 493
50 846
628 136
258 84
33 146
148 7
112 492
395 249
140 761
844 382
250 239
727 574
750 561
95 424
17 344
95 55
277 360
12 22
821 317
663 596
19 89
413 358
37 144
202 394
119 79
641 757
76 335
60 181
391 331
1 381
275 245
553 720
569 760
692 408
33 16
660 506
132 20
369 346
272 139
234 379
504 597
135 1
520 509
634 543
26 251
515 395
179 808
225 415
383 302
511 125
117 91
86 91
110 261
608 764
72 1
373 224
270 207
708 193
14 81
389 502
802 446
99 98
75 243
