1000 4997
766 556
855 958
452 668
82 937
588 91
756 410
829 444
82 185
187 914
799 761
85 344
262 409
158 388
272 41
432 245
674 620
566 381
413 665
806 428
992 610
206 150
276 78
669 124
600 157
127 18
801 44
959 970
756 708
509 319
492 281
992 658
972 19
662 398
828 437
300 254
781 755
526 451
179 492
379 322
159 53
783 464
752 994
98 588
35 658
296 451
405 85
23 522
339 615
121 408
233 777
839 793
328 393
769 357
328 531
97 481
995 112
160 437
969 285
83 417
946 843
980 590
837 323
968 963
952 456
237 269
661 416
772 40
240 318
41 838
8 811
832 920
179 267
827 369
901 695
544 661
776 186
499 510
687 529
318 347
13 578
387 422
15 866
968 236
444 126
662 666
76 815
828 291
187 173
631 180
616 243
764 673
103 796
566 220
622 937
769 801
347 278
899 69
789 482
43 426
8 664
497 348
900 342
350 170
449 314
158 564
767 105
805 472
616 244
623 433
938 948
562 767
766 871
160 162
485 968
692 294
824 137
942 92
510 122
220 830
920 668
886 603
517 882
942 657
855 425
606 407
568 888
492 158
865 459
262 695
366 575
864 368
924 614
246 341
599 633
526 380
32 91
768 725
713 545
753 508
492 608
56 337
419 279
612 996
684 281
151 834
388 368
634 447
474 734
530 636
585 420
250 236
457 339
481 48
226 711
74 528
595 690
617 987
814 735
670 288
501 459
13 174
860 713
179 186
253 415
535 866
102 384
882 583
735 954
942 206
610 266
878 438
400 657
774 946
349 797
855 611
100 389
482 91
670 450
691 132
106 441
419 284
256 23
519 906
693 449
103 701
653 987
597 135
83 436
141 4
250 18
286 635
452 220
753 620
424 750
864 569
685 303
732 83
158 353
136 383
285 370
487 319
415 34
782 308
37 33
331 460
188 435
924 178
948 36
357 426
489 539
586 227
680 779
282 378
419 715
702 470
792 921
99 50
45 743
239 166
194 857
129 621
451 656
13 393
769 158
340 127
335 270
610 455
665 656
703 968
291 582
187 633
497 187
837 236
267 201
749 453
286 830
71 548
807 467
699 202
123 425
232 518
409 482
708 970
599 152
3 775
838 206
71 440
898 604
383 818
442 602
350 522
371 231
758 913
887 157
444 918
84 11
265 983
893 694
711 339
752 85
237 456
866 408
424 379
829 207
689 580
222 688
446 155
682 358
839 431
815 155
860 413
592 803
750 465
811 636
28 319
547 811
464 481
544 582
373 356
747 91
858 561
829 366
327 982
436 4
737 542
579 776
544 906
191 533
392 621
636 43
840 470
567 817
513 718
382 904
934 414
101 852
243 364
392 935
64 644
26 369
584 400
808 440
169 818
604 696
401 626
964 25
792 125
115 294
960 596
758 539
854 271
83 690
782 141
692 576
966 564
753 627
756 104
25 341
322 874
943 817
855 356
379 90
676 873
338 575
511 900
664 294
792 604
831 463
355 981
762 383
708 983
933 207
81 849
345 929
215 122
173 915
860 333
199 811
239 782
629 211
76 105
498 645
995 133
225 706
463 214
83 347
348 200
912 703
565 155
732 202
17 132
335 539
887 874
544 896
778 59
523 699
446 133
359 619
412 249
378 201
75 583
525 472
674 640
366 414
159 310
110 399
290 736
130 845
316 173
445 665
541 420
742 730
803 170
335 775
931 600
35 623
144 459
844 14
898 914
846 147
42 16
245 776
47 865
912 694
911 904
825 916
328 732
184 321
510 676
884 591
591 944
116 174
523 237
449 821
484 967
783 133
358 423
663 165
107 684
736 115
458 742
628 1
494 152
116 650
246 585
263 240
671 247
893 632
527 201
527 644
850 115
568 971
805 407
680 5
240 434
907 590
613 292
746 112
137 996
7 698
14 26
250 160
711 422
913 491
514 555
469 829
959 91
393 626
21 132
106 254
831 695
867 710
709 353
984 677
578 665
250 275
302 73
876 520
215 548
409 634
520 208
554 971
494 613
442 26
632 401
133 369
766 575
897 526
524 396
799 58
512 748
496 210
17 472
697 219
550 663
916 435
384 708
991 547
299 237
61 442
335 15
869 904
653 715
492 788
584 174
984 840
287 168
306 844
445 608
992 814
865 612
27 461
528 635
982 39
641 170
106 619
219 66
417 271
226 381
458 829
166 421
847 17
529 163
320 827
464 688
281 926
302 560
324 896
605 809
731 658
971 636
509 556
440 591
627 549
424 147
977 163
246 552
353 186
744 412
283 831
137 150
638 722
415 896
833 593
327 361
254 731
652 481
2 733
494 170
497 70
663 570
922 410
483 736
541 841
265 515
305 606
620 198
801 996
537 859
579 115
204 75
795 552
46 319
744 411
869 375
616 933
537 964
662 22
41 245
828 528
116 961
27 298
579 830
964 279
32 976
839 423
732 170
660 677
807 496
849 827
24 202
353 20
130 652
562 750
322 444
316 946
986 983
787 359
774 694
220 361
864 626
658 161
593 543
260 695
53 207
323 112
268 234
858 866
452 95
536 287
807 41
471 772
115 959
120 544
99 364
948 428
616 940
889 150
214 817
235 604
215 23
716 150
454 67
807 371
894 970
965 918
575 633
407 300
190 900
466 373
898 666
855 914
415 993
108 373
513 597
15 890
883 764
508 52
349 862
353 720
501 759
283 710
998 958
801 773
89 416
783 493
398 271
476 608
644 693
987 212
751 183
546 272
233 416
729 555
163 950
198 157
242 720
58 701
845 579
847 512
995 789
580 857
20 21
893 653
305 108
289 615
141 510
311 455
866 465
557 925
991 828
850 192
298 133
778 126
291 902
365 356
799 137
261 658
914 818
520 419
74 121
899 917
605 28
233 710
611 850
250 422
233 678
197 968
625 47
110 491
519 679
663 365
386 659
884 150
315 908
170 746
243 944
973 970
743 166
283 588
413 693
340 651
690 118
363 640
942 51
73 587
384 607
12 657
61 132
64 232
27 28
390 208
301 96
667 491
765 6
839 334
593 235
284 694
494 409
942 851
794 483
708 301
506 574
293 346
728 919
159 849
574 24
149 504
890 341
176 720
106 785
413 435
487 603
219 722
236 652
882 4
440 15
187 525
690 425
102 34
483 599
30 676
904 68
434 747
623 666
228 16
242 877
187 33
405 917
887 170
64 388
27 600
517 128
607 183
629 707
362 823
554 437
555 449
538 395
243 301
98 975
686 180
834 69
799 619
102 15
780 726
674 49
55 298
180 314
435 50
914 835
197 626
498 280
977 587
815 736
283 784
31 859
438 932
752 341
158 653
400 596
738 325
629 935
8 646
239 455
530 982
670 503
135 914
923 302
135 380
552 598
807 390
628 308
936 693
496 482
499 504
439 588
263 336
517 408
560 974
144 846
350 534
508 86
991 811
99 578
704 800
262 327
905 609
321 634
506 576
303 830
307 529
471 749
928 453
714 989
660 576
754 295
593 24
803 873
631 480
522 20
730 381
135 913
982 319
53 773
285 603
299 416
249 301
149 192
260 264
593 488
779 642
69 105
691 548
105 28
379 308
911 43
179 610
398 410
563 430
240 596
114 287
918 636
995 817
389 354
500 942
102 174
856 73
893 657
820 119
253 818
807 268
93 809
313 499
390 958
118 979
215 552
304 571
485 346
544 375
640 95
857 453
558 207
384 168
737 254
326 233
521 460
685 705
220 842
524 180
653 642
653 77
226 626
855 572
397 666
567 118
861 575
952 773
985 624
934 181
276 93
526 963
333 92
290 386
641 62
9 380
924 507
807 779
766 868
214 417
450 590
17 750
471 50
845 193
849 134
208 863
941 227
961 890
11 866
219 885
527 959
752 983
948 608
143 459
964 332
480 584
253 400
629 144
525 473
522 183
118 353
584 971
496 40
720 902
424 961
519 344
278 465
429 539
283 688
711 133
503 269
163 797
114 400
645 279
187 476
315 3
172 213
524 869
48 459
912 394
566 910
89 319
508 221
798 731
270 349
883 913
348 73
490 77
154 325
745 62
785 68
876 106
350 430
972 707
738 7
166 484
367 694
939 337
405 538
63 18
814 220
67 640
256 813
732 150
92 835
716 760
990 828
955 612
171 652
795 357
814 195
130 275
828 319
536 613
322 484
352 902
397 555
839 916
469 606
435 626
972 532
535 688
440 50
911 619
649 386
782 638
943 95
691 494
856 10
838 212
895 886
532 892
770 44
899 989
721 368
207 741
652 950
652 451
874 575
785 242
782 842
367 338
262 257
808 652
555 863
438 113
167 525
405 547
300 549
246 420
282 782
375 354
305 268
144 57
825 419
463 570
611 430
925 509
388 733
596 602
997 759
82 249
85 885
191 626
486 907
552 85
402 561
216 465
760 973
755 926
419 136
524 304
466 95
304 270
895 394
509 219
220 146
457 864
202 894
938 676
763 539
744 181
427 482
49 651
758 505
858 329
592 418
567 180
732 290
399 157
486 196
223 994
978 520
724 484
568 203
581 579
662 790
243 788
735 233
692 551
45 321
808 730
467 888
598 612
485 52
160 848
289 777
716 944
441 185
754 926
349 410
351 426
560 140
784 896
154 152
807 210
251 731
532 171
646 862
269 761
780 40
313 362
441 48
692 367
222 555
731 266
41 603
193 508
293 421
824 939
716 24
514 59
733 165
147 373
943 508
856 164
920 616
540 849
137 448
366 172
67 375
138 749
38 200
782 449
860 405
109 721
789 228
394 398
812 835
631 588
579 39
944 556
193 542
855 359
838 741
215 143
492 149
328 291
394 326
607 487
643 797
444 822
393 247
964 139
986 357
639 925
418 217
239 115
887 528
955 873
522 195
887 146
63 380
449 757
319 710
455 507
86 183
713 33
427 963
769 314
224 253
494 39
791 23
452 720
995 21
99 40
740 995
886 565
30 926
743 386
608 72
402 852
205 907
831 939
902 722
779 580
135 657
449 940
31 366
749 371
786 443
199 914
899 872
813 126
313 320
810 654
546 555
282 874
445 270
737 214
47 46
802 219
876 54
52 91
158 672
328 185
610 686
118 300
82 709
856 709
601 505
766 541
948 586
248 24
643 252
884 859
220 603
919 993
242 63
458 731
649 595
262 271
887 583
670 109
389 539
2 43
149 688
328 919
348 797
169 223
499 206
130 340
637 460
805 825
950 43
109 777
537 840
916 163
828 390
663 362
524 578
390 681
427 889
999 928
176 170
713 66
609 26
253 436
552 448
109 922
755 763
476 419
828 200
721 341
261 367
500 297
462 853
891 101
798 723
282 531
566 607
34 612
221 634
474 50
353 707
884 599
115 201
590 69
158 836
448 819
737 327
31 463
417 804
269 827
74 847
400 950
608 395
607 333
275 44
41 932
461 531
851 298
65 459
908 521
488 655
216 985
607 7
720 543
179 756
632 624
632 844
7 231
536 851
763 269
709 398
487 453
452 438
148 869
682 160
276 335
111 914
353 161
780 950
119 420
491 39
998 489
795 633
966 646
509 105
845 26
616 700
331 957
450 899
921 43
445 800
83 303
506 71
123 386
754 748
833 952
960 288
794 795
10 676
689 444
856 672
86 588
413 788
966 479
363 227
550 85
898 406
384 6
347 906
701 642
526 228
427 984
390 236
71 425
251 764
801 545
513 127
805 932
735 285
590 127
704 895
738 393
296 652
188 125
6 28
825 783
176 994
177 447
31 44
985 907
953 558
400 730
476 763
917 459
576 553
280 896
248 650
392 367
821 309
897 978
947 946
90 539
549 229
308 821
431 720
938 262
702 375
99 843
318 555
815 235
598 786
506 843
595 815
972 604
115 202
437 133
976 122
833 802
563 950
450 61
248 29
839 347
587 201
684 314
863 337
973 70
962 426
79 136
176 65
377 126
159 575
589 60
74 674
807 195
921 478
919 127
316 875
577 951
10 711
559 515
471 510
196 686
305 340
730 588
416 817
418 608
220 941
275 67
442 817
670 130
25 885
260 703
669 111
149 853
627 899
306 612
768 690
345 118
567 389
938 225
189 369
22 940
774 225
333 602
262 21
293 461
520 73
430 890
859 516
732 782
697 463
156 433
250 514
313 470
133 776
475 123
687 748
404 381
688 287
391 117
360 2
712 247
363 869
751 387
120 801
276 300
735 879
905 596
764 902
893 276
225 421
27 804
964 866
508 647
513 875
753 430
716 195
521 877
441 816
98 723
577 230
100 211
392 236
524 413
121 741
30 674
345 140
860 136
753 834
440 323
883 89
497 950
385 777
81 620
340 914
400 325
82 853
484 816
232 165
488 207
969 698
803 847
499 481
537 772
574 451
73 230
759 406
524 748
962 459
245 269
784 769
727 373
396 356
645 636
794 275
61 357
907 16
670 961
92 443
834 2
255 356
327 155
331 348
965 4
81 724
958 267
562 29
363 977
283 580
816 983
322 569
330 480
803 336
159 835
550 570
298 935
648 932
166 819
613 772
466 623
997 848
856 519
692 437
198 564
381 277
607 241
225 326
524 547
618 720
504 673
690 853
486 794
13 106
251 594
897 341
883 722
68 244
577 236
336 708
464 478
757 819
263 967
340 299
530 218
197 953
605 749
504 294
148 614
204 16
519 508
923 803
728 287
109 806
784 491
807 385
792 347
557 218
794 572
482 842
246 695
485 666
808 182
471 987
968 516
353 642
101 862
709 863
984 504
429 101
75 863
1 635
555 342
774 862
259 552
25 365
958 426
744 850
46 21
85 395
674 271
682 694
433 323
678 656
400 903
471 825
595 632
496 395
353 953
922 449
779 645
779 72
781 665
13 751
12 633
731 294
472 420
842 696
555 417
644 569
205 104
703 761
632 673
62 4
923 610
249 182
191 831
505 28
270 939
307 274
418 870
437 117
557 857
849 29
766 62
675 462
275 507
762 206
606 464
605 313
22 609
421 695
831 896
555 395
815 300
619 615
374 761
450 422
500 154
76 123
949 896
109 494
917 98
2 132
957 694
61 481
746 827
84 838
268 811
285 835
680 197
23 950
262 312
690 124
591 859
703 742
831 317
248 71
301 67
339 368
215 413
514 491
409 569
179 623
149 426
315 926
942 974
501 358
562 396
377 7
984 437
946 182
112 848
791 756
256 288
601 612
792 583
480 212
260 165
315 783
887 470
528 354
31 396
881 963
312 323
717 349
59 168
539 319
609 730
144 398
984 251
525 598
653 374
412 836
138 502
127 210
74 426
420 178
679 163
538 739
667 403
390 355
965 666
912 282
17 812
641 295
662 223
684 822
738 433
519 137
307 552
664 889
943 776
503 892
968 470
452 79
272 477
517 435
576 529
611 895
388 812
560 341
463 935
67 989
641 813
360 251
732 985
326 421
787 853
826 821
938 222
760 967
189 115
744 1
690 453
586 178
968 585
74 469
534 178
572 993
917 229
684 747
3 476
406 930
942 290
119 56
249 73
618 905
253 657
750 337
917 411
611 320
440 515
427 112
616 819
709 217
537 273
107 52
623 489
680 465
798 590
768 284
352 317
850 468
148 698
880 934
870 36
912 933
30 821
779 455
608 750
522 890
330 979
992 434
114 433
3 725
995 264
98 640
163 406
67 422
639 857
766 339
88 406
17 720
806 655
398 936
147 510
341 885
422 945
611 143
79 327
433 127
118 228
928 206
175 190
452 593
362 940
942 46
130 461
719 890
260 3
393 142
263 545
525 671
504 309
285 624
911 369
363 368
697 811
457 14
57 529
493 136
207 91
6 715
158 657
80 995
27 185
46 56
637 288
394 399
984 878
911 230
662 902
679 988
791 827
388 596
997 541
528 486
268 975
784 112
31 264
90 385
886 132
384 366
690 234
319 95
272 252
994 279
599 981
449 20
584 551
568 172
445 450
204 776
716 208
704 342
315 954
389 479
528 319
800 436
486 380
714 6
93 150
440 89
576 614
331 730
443 561
953 145
461 509
358 354
27 741
781 489
74 843
107 518
418 380
73 698
455 885
295 736
757 21
260 467
578 516
137 104
321 782
99 978
713 87
641 658
969 299
47 666
475 606
216 422
576 457
540 826
628 410
869 23
62 615
262 528
690 797
670 870
768 64
149 28
851 174
102 387
618 885
631 261
142 245
645 129
218 615
348 332
701 773
648 275
236 238
540 389
302 443
742 585
768 584
927 327
450 562
194 473
992 749
280 426
75 40
81 216
962 950
893 750
196 354
215 454
824 512
567 472
471 487
492 355
899 549
836 541
296 67
938 670
577 502
830 896
372 163
377 741
318 493
500 904
836 354
605 75
54 292
2 237
994 153
99 80
524 247
923 269
891 515
855 633
215 292
328 920
606 591
184 306
899 406
813 889
833 528
975 853
469 979
475 810
796 447
124 821
584 819
313 59
508 129
312 33
774 535
663 454
573 783
813 175
300 373
454 819
339 178
394 254
986 372
354 543
845 143
424 885
351 17
577 562
129 96
484 694
912 687
14 206
307 151
553 659
810 607
955 983
333 919
321 396
800 20
709 226
225 375
90 67
552 170
331 275
718 731
613 678
351 376
9 255
600 182
801 244
802 718
231 967
783 817
636 422
708 365
609 355
293 202
187 603
978 962
977 842
905 53
835 651
305 127
948 125
552 456
810 122
834 949
820 448
887 120
778 668
883 275
284 69
250 725
587 356
472 274
768 230
825 181
404 244
497 318
498 132
263 535
180 885
29 439
51 227
72 615
966 534
971 952
447 633
606 569
864 637
258 4
648 79
632 958
248 383
999 15
678 255
716 277
418 139
845 741
75 182
47 192
666 40
760 323
262 24
102 150
943 580
801 544
513 395
90 819
825 465
864 481
204 271
474 675
980 387
107 730
427 104
546 904
670 834
485 306
363 886
136 278
861 460
437 447
59 982
39 817
211 747
593 515
199 959
571 993
660 265
382 320
330 913
573 254
507 652
577 763
8 149
872 586
963 356
607 852
432 859
472 909
623 210
550 534
938 99
37 417
960 358
994 558
424 101
979 371
887 260
785 11
685 319
675 291
485 89
1 336
964 140
442 988
721 447
391 108
779 954
211 204
601 865
391 714
14 399
641 352
490 580
221 507
258 720
872 821
851 646
138 298
232 385
631 147
929 667
958 136
860 949
93 33
976 512
371 387
232 419
175 16
295 921
270 624
768 321
625 133
511 541
754 940
42 529
170 39
611 516
500 415
851 996
321 776
910 934
657 761
972 683
240 510
976 776
756 815
333 415
617 44
414 304
283 288
653 463
507 468
354 633
551 323
418 383
510 308
494 210
187 243
6 853
912 130
997 782
541 673
928 779
339 121
376 749
947 899
42 971
529 52
573 637
524 980
407 688
377 945
912 996
322 575
699 764
788 478
221 150
298 487
133 186
389 373
699 723
553 456
265 212
802 620
311 787
700 319
849 915
313 913
704 724
284 764
432 98
585 60
142 59
697 141
680 264
148 294
901 928
976 180
649 165
868 319
579 932
691 213
35 706
362 894
146 268
144 86
755 304
439 43
426 902
299 26
63 465
985 587
350 670
355 594
734 383
79 67
952 993
368 314
517 375
994 571
153 572
263 800
893 669
750 894
35 544
164 209
702 766
989 234
115 773
922 872
299 724
799 546
837 438
285 921
799 797
215 941
643 932
925 723
149 665
61 946
348 907
246 525
192 244
799 868
942 695
466 645
96 945
895 26
580 152
680 414
717 519
496 602
812 797
834 707
565 589
394 585
972 968
144 817
752 166
447 91
534 151
538 658
422 292
631 267
540 183
38 150
689 289
564 651
691 5
360 489
507 266
519 587
419 720
194 953
573 404
702 114
838 274
960 34
120 703
136 676
908 335
450 230
175 696
806 349
397 376
110 68
249 447
58 387
595 334
540 341
962 640
744 851
831 909
728 941
310 48
26 456
234 279
858 678
398 489
364 124
147 43
221 112
258 551
430 594
119 624
816 650
430 417
490 115
291 555
537 775
172 299
7 817
358 335
428 266
300 871
3 117
713 428
218 271
608 342
537 944
295 122
649 514
669 916
196 635
25 73
14 91
513 539
360 456
402 892
681 580
259 336
8 838
189 580
81 23
169 410
478 16
412 274
158 321
783 269
402 688
825 68
915 381
185 818
42 659
42 422
812 121
510 417
887 329
172 549
176 854
31 653
216 461
639 55
986 241
469 779
846 63
366 681
520 218
665 988
80 140
189 294
592 216
527 450
54 4
729 118
571 761
455 626
956 520
454 603
956 482
631 142
118 359
881 342
73 361
138 759
768 680
17 270
845 695
505 677
789 889
224 379
166 626
388 806
335 916
891 367
321 944
8 28
378 764
927 271
189 494
240 464
708 484
681 491
831 793
68 210
83 746
216 4
389 252
305 47
584 889
490 39
285 28
239 89
666 695
461 676
237 163
669 394
192 50
463 298
265 279
782 268
875 219
372 668
968 797
716 619
681 549
833 641
389 483
667 217
618 136
1000 323
469 128
143 323
1 48
774 832
991 730
203 899
519 87
392 659
100 124
691 908
484 950
692 371
929 7
893 462
198 337
620 633
130 26
791 804
26 821
225 579
464 330
134 797
691 573
302 339
712 43
394 934
508 214
823 873
875 72
955 836
477 329
616 529
541 953
157 612
179 382
188 693
414 763
308 983
293 959
302 821
169 271
560 937
794 896
63 590
320 312
738 698
798 72
377 236
860 598
622 268
506 730
551 741
608 933
770 332
178 776
831 958
998 531
79 496
961 916
375 132
938 248
844 141
789 764
826 793
976 29
692 690
759 290
136 212
483 255
998 810
702 916
316 761
534 222
477 570
844 886
727 502
59 733
660 42
154 782
381 319
527 473
803 436
860 489
110 248
607 657
934 27
901 244
829 603
388 473
625 148
928 964
803 329
912 723
530 158
948 177
519 854
562 98
532 432
127 636
592 363
828 4
834 827
703 551
336 671
316 336
686 339
721 494
391 973
412 374
217 871
732 21
734 988
680 19
316 621
683 564
172 375
770 538
961 542
872 739
528 487
268 968
311 85
340 890
719 373
1 694
399 375
681 655
900 338
522 198
812 569
742 288
500 907
42 140
376 153
211 911
196 396
225 420
770 431
898 152
511 254
834 608
684 182
852 231
192 705
154 952
191 70
391 701
47 376
766 608
851 655
346 416
878 313
275 950
954 163
76 799
574 56
758 275
498 240
81 280
744 232
810 541
765 227
547 48
785 304
17 687
143 16
924 378
276 230
663 435
920 851
669 659
391 140
32 403
175 533
802 924
58 968
517 543
408 695
315 581
246 193
211 916
450 164
568 180
414 748
74 645
192 152
973 56
260 242
351 526
875 651
500 769
906 821
194 362
638 700
35 818
474 811
808 498
880 687
280 198
171 889
904 634
776 696
799 361
928 502
677 153
797 319
162 866
505 244
109 451
58 835
32 228
910 195
702 511
199 392
662 290
233 932
629 67
508 135
537 913
684 21
795 801
74 982
669 978
725 181
446 373
466 546
783 94
380 489
888 323
537 615
384 532
593 867
443 900
704 874
172 395
874 983
466 872
925 804
305 302
490 988
467 873
951 292
527 108
574 192
6 701
225 503
631 604
745 661
134 865
311 353
123 243
692 704
311 375
401 387
510 63
311 591
474 830
666 39
192 520
541 442
262 624
625 502
925 539
820 186
839 366
640 288
605 210
561 668
127 818
717 451
664 241
912 798
386 286
850 219
100 834
65 612
553 569
300 261
763 487
601 448
712 776
765 514
64 535
895 226
513 583
508 257
402 821
718 982
22 224
5 291
850 695
905 237
815 374
287 426
611 961
1000 866
103 410
428 930
737 44
291 381
74 211
361 736
129 516
622 696
791 148
258 934
445 994
872 18
265 543
868 456
7 985
269 650
806 848
147 437
648 899
904 365
522 932
136 247
704 29
653 228
62 590
802 235
386 621
911 545
755 706
386 982
648 733
297 722
172 823
787 85
908 873
799 159
948 326
767 476
566 596
956 700
644 230
607 139
481 656
617 886
120 186
511 504
690 775
488 830
820 423
179 473
872 399
825 463
756 79
593 539
254 50
704 546
43 518
390 526
579 600
488 760
140 33
966 509
969 564
567 433
128 569
384 589
58 933
561 309
796 207
302 282
102 728
171 297
424 829
418 846
18 843
202 60
77 989
611 623
80 656
597 346
670 53
467 637
726 763
520 932
141 371
343 183
734 733
769 975
537 634
188 621
276 892
519 208
629 904
25 564
445 899
176 558
910 759
580 319
109 278
221 879
576 143
120 526
923 857
601 582
621 816
485 531
749 401
135 228
10 174
54 231
554 308
381 652
333 921
611 112
630 188
8 464
101 930
128 531
836 86
446 987
632 201
233 896
472 712
169 548
735 979
757 764
497 779
686 85
460 294
425 994
192 652
745 426
928 587
802 931
306 201
752 468
326 593
901 957
222 646
560 390
779 522
905 731
85 954
709 325
441 364
272 72
897 14
474 188
937 247
630 851
645 665
326 354
703 472
248 514
687 370
964 98
400 812
700 773
441 235
623 637
831 839
261 304
744 534
452 539
217 967
931 456
1 741
607 600
646 941
147 889
868 162
248 480
799 575
600 739
784 780
360 985
876 623
399 941
908 818
254 608
17 206
42 141
916 344
170 915
337 161
504 516
138 879
921 633
578 280
608 575
138 342
880 761
241 589
455 950
789 339
719 288
759 370
25 695
38 218
304 811
377 491
837 170
358 797
471 43
516 36
664 165
972 422
997 333
77 763
8 905
995 50
194 247
542 842
138 544
931 615
841 56
953 726
570 588
717 480
898 538
331 391
884 439
850 182
922 219
887 42
768 506
532 75
835 545
719 381
278 456
8 743
534 300
100 117
427 239
391 310
806 558
636 761
395 819
267 582
824 724
716 303
346 526
5 896
866 201
844 963
12 857
224 272
391 327
808 518
5 608
951 960
551 127
681 228
699 773
420 341
350 900
617 599
329 507
211 714
997 1000
689 303
525 502
711 373
414 271
877 909
382 387
147 327
682 141
496 168
114 379
350 360
689 245
670 490
943 712
358 408
68 835
744 886
284 381
138 267
972 246
331 571
760 712
759 30
961 67
963 950
853 827
13 814
858 128
991 341
334 750
145 705
280 681
442 712
350 49
868 121
154 10
524 272
670 307
984 139
879 218
123 27
606 859
144 1
130 166
114 940
480 596
669 551
815 451
925 415
675 907
700 266
396 152
235 896
584 359
293 469
205 254
949 877
636 294
537 33
893 774
450 848
911 278
156 292
851 420
787 646
654 569
807 280
577 302
577 913
300 979
870 62
908 581
800 70
286 945
488 776
490 393
217 769
333 713
83 188
276 160
153 723
540 487
315 864
265 411
653 162
196 838
766 309
13 323
876 890
625 160
3 301
55 200
684 69
813 412
83 793
524 81
779 219
780 43
876 186
123 40
64 709
513 480
235 460
535 985
539 983
994 701
665 843
25 62
546 601
300 571
601 658
771 701
32 525
704 347
551 761
418 93
97 970
554 53
934 994
771 62
958 798
61 398
45 777
663 49
500 967
179 394
783 420
379 189
641 514
697 539
588 271
71 565
230 797
76 251
846 62
617 297
525 400
670 758
836 261
260 236
501 713
754 422
755 525
735 916
611 154
447 545
813 405
210 545
734 624
686 971
502 281
547 844
732 702
714 298
532 866
57 472
968 615
520 277
847 671
114 817
480 977
778 24
501 356
156 526
654 309
621 115
344 417
472 150
492 41
537 553
2 785
573 187
322 488
682 408
203 408
611 522
718 484
962 207
943 83
545 896
744 932
359 247
307 830
107 941
45 952
382 347
592 523
477 927
41 161
351 457
389 337
444 599
10 666
925 362
598 816
13 624
142 571
42 926
810 58
22 380
443 866
300 553
429 278
177 453
675 66
566 162
966 711
737 564
716 128
241 650
604 238
919 822
313 627
977 286
928 806
546 493
379 516
692 742
418 296
951 379
771 241
366 439
169 921
497 4
497 25
419 619
805 857
961 640
224 397
217 376
329 707
592 514
256 583
441 121
719 683
390 344
799 180
285 409
227 122
470 746
74 617
143 913
458 264
648 216
611 684
540 862
832 655
801 612
410 96
581 12
469 219
379 211
913 287
11 304
351 980
990 810
347 804
692 891
258 665
833 967
614 571
155 105
984 255
394 386
912 49
948 812
767 934
290 38
185 657
93 723
331 360
50 509
479 558
864 145
887 343
428 678
721 444
405 454
17 726
568 930
336 270
679 619
256 899
494 482
199 705
887 153
7 739
856 755
191 861
692 409
858 340
415 786
513 951
401 637
127 750
823 967
320 958
611 798
368 602
371 152
248 867
299 545
211 140
546 396
46 821
784 852
308 273
844 451
898 890
424 953
224 950
649 288
280 968
23 656
228 902
638 73
782 626
351 271
54 14
419 72
628 167
282 356
683 623
136 273
83 55
256 844
548 746
703 652
567 452
305 706
951 510
641 491
844 673
972 494
477 161
958 20
559 190
64 664
248 101
658 381
820 859
469 41
108 287
713 907
181 741
223 980
431 269
167 406
134 741
598 94
41 28
767 236
432 43
73 419
111 44
308 853
883 250
711 334
209 161
173 177
928 496
450 387
289 775
394 586
607 480
735 575
847 401
26 504
757 327
41 875
524 987
440 234
768 829
487 294
507 569
418 811
523 700
310 659
378 862
562 993
466 552
486 154
987 387
568 799
471 900
20 698
627 594
22 674
919 95
351 178
250 465
908 647
283 812
530 708
490 978
279 271
412 484
735 216
563 183
813 713
282 578
173 170
156 979
187 549
506 751
878 603
584 16
254 431
936 343
780 274
607 932
574 788
670 561
743 594
669 619
925 918
693 772
587 710
217 340
454 91
220 122
990 57
739 804
629 525
964 790
923 224
622 419
248 115
670 410
158 800
73 621
110 601
199 685
347 659
442 937
276 864
740 919
221 421
374 200
980 531
962 600
693 145
235 658
532 590
806 37
144 397
883 200
167 643
773 804
47 933
760 125
899 544
742 582
375 572
672 526
965 588
513 676
861 619
84 85
546 228
792 365
223 183
577 92
743 587
1000 581
10 461
15 817
345 618
469 825
143 406
262 554
883 892
720 426
404 707
810 458
192 604
424 134
669 383
82 772
58 4
397 68
505 525
130 575
962 909
642 569
57 962
538 909
351 160
616 207
246 414
859 624
690 781
801 886
524 425
844 940
41 470
387 776
234 39
997 308
875 443
433 620
232 220
306 319
934 233
978 389
385 383
540 658
256 519
563 230
692 770
567 694
345 627
92 598
367 267
153 267
243 643
250 944
580 504
601 674
999 811
339 298
468 804
144 562
895 234
372 886
605 99
471 915
844 596
328 374
441 945
645 976
557 419
482 72
467 484
780 646
697 521
74 270
517 821
186 615
406 796
795 297
737 406
407 679
432 60
725 48
306 688
230 60
455 859
956 348
904 277
5 181
778 249
559 289
523 896
263 371
302 129
31 589
832 608
971 303
437 12
517 215
496 141
810 777
81 911
8 441
7 419
431 796
772 542
104 909
136 459
486 134
117 722
786 325
154 698
880 637
274 993
974 332
336 731
196 12
541 354
735 709
229 827
285 249
513 171
660 430
272 551
845 598
519 974
922 52
172 462
137 34
345 135
182 356
203 666
114 310
384 581
208 308
691 628
670 824
503 210
86 126
750 668
895 326
629 391
724 231
557 760
611 434
22 795
187 143
461 868
280 208
138 821
928 903
156 104
928 241
951 431
307 569
880 628
458 320
792 171
977 655
98 356
293 761
912 58
246 483
471 420
599 126
446 826
512 757
260 344
110 947
92 330
221 703
240 733
404 126
120 312
772 932
704 426
513 221
67 890
898 401
497 688
8 899
58 646
262 455
924 17
727 220
215 145
824 549
785 993
169 987
328 660
607 603
367 294
756 809
670 36
546 14
779 354
768 60
501 967
79 44
735 872
858 497
832 25
668 202
377 918
372 756
1000 53
447 303
765 417
641 682
911 870
914 70
1 73
717 200
813 9
844 385
387 657
577 830
523 403
627 518
84 813
463 69
169 564
552 23
577 645
864 281
985 231
532 760
204 108
259 20
427 538
908 926
136 894
29 375
358 600
529 15
148 433
704 883
275 579
939 368
485 520
944 304
467 988
858 279
470 556
328 384
753 30
434 845
809 796
220 520
477 97
886 681
651 465
881 442
856 289
452 801
803 539
119 95
57 157
42 638
595 870
172 570
528 963
840 95
328 382
474 453
529 347
221 237
778 157
352 526
353 432
726 661
736 303
969 672
806 711
625 841
394 488
955 495
809 959
243 868
394 805
778 697
284 776
856 697
763 776
667 822
514 835
751 516
754 296
837 604
688 369
101 329
566 946
11 484
390 317
10 470
586 967
382 532
899 591
703 59
544 69
728 226
26 438
103 113
729 514
361 165
108 695
544 20
738 893
171 977
101 965
500 931
215 392
547 386
513 516
836 700
882 797
477 535
849 598
144 908
871 874
985 885
563 65
130 493
140 150
922 852
414 859
734 673
861 295
568 368
478 853
313 607
888 785
968 202
81 448
209 267
529 515
530 954
13 806
653 298
968 51
253 23
92 993
491 827
664 449
259 551
280 672
904 570
844 812
693 122
508 542
332 987
680 652
382 35
75 319
968 604
791 311
794 514
924 162
912 858
469 11
295 723
395 516
475 803
594 705
519 713
208 747
961 419
27 916
193 89
283 270
746 426
303 707
469 252
8 157
56 741
699 126
699 77
203 936
740 204
833 550
333 861
742 950
780 509
257 422
68 447
693 615
986 953
527 487
897 202
898 477
311 197
919 656
888 903
808 942
62 777
528 259
138 915
378 508
340 683
597 958
931 287
842 277
943 128
644 409
129 777
438 317
791 332
837 241
481 416
725 338
375 473
947 712
584 526
421 145
153 902
595 603
737 97
102 52
692 617
346 7
960 41
692 176
832 531
703 522
904 4
333 854
82 448
29 711
486 584
213 128
35 751
15 451
715 66
22 966
992 717
99 482
3 277
217 435
461 423
889 238
466 105
895 675
758 220
16 152
272 306
455 137
664 137
458 72
574 961
404 396
577 601
337 935
616 993
608 989
230 97
999 481
162 202
290 503
625 885
275 994
149 586
331 603
316 493
209 237
173 308
393 595
205 372
869 533
221 361
419 854
559 48
813 793
308 678
997 850
880 162
765 214
791 610
548 761
346 945
610 706
954 688
23 408
595 779
408 95
562 55
429 929
667 425
738 192
240 483
46 222
148 33
683 163
904 212
392 499
801 188
123 685
913 410
508 410
198 113
418 910
401 206
807 311
954 857
574 518
65 782
560 939
192 757
799 946
662 180
925 862
65 817
433 128
452 177
494 241
290 353
441 320
171 731
523 341
669 468
285 186
489 460
215 825
550 51
807 968
628 748
280 700
222 52
577 729
262 65
923 793
618 403
536 515
123 70
379 397
838 195
576 624
215 882
590 21
121 229
849 237
956 603
938 498
372 526
869 840
156 56
692 983
469 47
363 484
803 771
680 332
519 870
665 806
246 974
409 890
619 695
618 693
193 979
584 946
568 23
253 67
951 731
752 380
184 853
100 461
961 56
762 270
84 313
728 914
251 622
86 982
783 355
514 277
606 322
864 338
358 304
424 414
22 190
704 624
248 578
8 689
795 908
470 650
966 16
474 93
9 811
914 746
790 835
347 535
992 315
756 268
847 56
578 489
891 790
567 372
53 868
809 715
403 227
374 600
560 494
262 273
120 160
446 135
291 890
358 430
462 279
736 896
805 741
699 533
41 482
39 603
298 589
280 976
557 922
118 677
321 303
912 918
485 500
912 32
469 837
280 70
719 446
458 576
442 646
406 277
450 921
923 416
282 472
250 155
789 37
625 381
493 954
450 911
691 551
691 643
727 154
765 346
159 3
169 535
18 43
240 359
94 896
919 996
630 436
154 200
194 137
669 840
84 472
891 811
398 151
964 335
111 473
392 122
109 710
789 676
758 594
321 180
832 95
530 248
27 136
53 266
321 288
46 514
13 885
860 654
220 196
455 288
223 754
955 757
260 786
45 442
428 659
13 571
838 355
469 831
109 82
686 973
644 355
147 973
577 459
751 777
409 177
677 443
792 206
590 804
825 289
355 361
224 875
577 943
521 242
154 793
639 226
398 308
225 850
365 266
402 276
313 977
118 695
214 635
488 278
125 20
137 915
628 189
758 839
706 140
523 462
928 286
708 117
747 210
105 531
345 617
298 572
578 284
897 194
311 819
576 672
829 125
336 420
779 904
742 796
235 993
475 554
377 798
442 244
218 830
57 961
424 348
614 588
979 277
500 785
928 407
928 92
513 771
137 105
18 633
310 603
189 53
463 449
47 830
351 277
768 999
605 184
805 545
625 730
179 699
262 361
22 448
22 472
282 367
964 134
68 979
218 349
171 325
718 504
756 171
991 972
44 287
796 436
846 733
102 109
328 118
162 334
787 171
867 396
405 597
703 292
404 798
503 509
214 207
501 308
432 482
606 572
57 571
544 862
742 44
906 381
117 835
286 589
323 453
971 337
274 332
390 842
501 514
301 112
999 409
32 870
648 514
513 550
788 518
76 224
296 624
753 416
281 252
302 481
641 261
198 515
670 833
640 122
14 798
770 392
992 979
630 614
791 648
938 972
737 913
832 753
744 190
374 647
504 354
984 375
232 207
491 857
398 274
67 776
810 735
232 455
170 830
482 51
779 43
755 295
478 28
340 642
358 865
532 158
519 716
920 195
895 269
443 139
629 705
379 857
729 227
621 266
452 542
329 145
665 817
925 103
573 904
795 24
445 212
263 504
908 422
12 696
969 970
839 819
596 460
82 495
882 841
665 111
920 598
170 349
617 870
870 16
211 757
546 103
379 599
997 814
744 647
54 77
825 479
165 657
460 518
483 168
526 51
747 33
162 633
397 51
860 141
878 596
536 800
65 713
1000 697
463 790
776 207
861 426
807 359
202 761
263 337
166 818
45 658
666 773
546 578
930 174
452 97
488 539
856 793
539 417
701 626
192 623
498 633
834 818
908 231
731 909
34 68
8 952
697 685
716 255
256 496
248 250
179 268
169 4
461 126
82 958
412 696
692 685
490 584
306 877
860 132
792 353
330 580
937 436
258 792
1 967
562 676
306 62
546 746
248 417
559 2
107 859
92 571
788 72
366 944
701 420
593 347
629 754
833 276
123 955
1000 355
998 978
927 903
566 205
559 971
219 696
1 621
623 894
593 33
646 208
660 341
45 231
485 440
351 780
503 780
251 612
125 900
623 133
951 280
617 392
592 300
957 252
388 297
574 700
305 637
85 242
307 804
399 842
681 234
592 118
525 119
794 561
82 178
513 51
302 745
157 207
766 967
144 647
350 672
704 529
239 845
99 771
683 267
3 470
839 659
936 165
265 182
553 229
156 547
445 396
98 447
90 133
954 241
310 902
573 601
774 270
316 441
814 861
891 779
304 401
547 98
688 712
752 645
716 516
735 750
704 82
499 133
191 685
430 367
667 255
3 341
899 164
58 140
169 972
981 885
540 709
501 948
536 967
969 789
233 921
469 163
960 624
814 320
429 659
869 567
675 538
755 437
94 245
605 453
736 983
382 838
771 15
90 406
794 180
850 642
889 933
790 198
837 242
729 409
986 66
141 710
240 53
274 988
645 288
439 993
813 265
311 339
135 797
10 131
283 483
582 531
193 914
659 201
697 126
734 181
129 332
523 44
557 755
476 522
264 522
997 24
779 221
1000 457
467 239
283 899
143 602
109 606
930 707
990 249
876 936
813 608
995 645
372 237
393 544
197 295
690 835
322 809
881 640
787 657
384 173
311 343
630 773
262 194
725 426
907 59
304 399
178 722
565 337
951 359
272 967
494 348
538 885
424 432
925 510
886 66
91 885
35 587
224 69
5 539
869 246
828 865
248 75
925 367
449 94
799 142
943 646
144 262
627 60
548 711
75 423
424 193
172 432
686 647
708 219
151 535
962 303
895 534
412 196
971 571
327 234
285 46
791 699
149 108
995 433
831 576
565 435
721 489
1000 25
211 671
330 438
801 822
768 858
256 467
627 913
169 918
415 286
995 616
173 529
75 124
446 458
249 782
485 149
712 39
567 507
697 579
437 210
791 921
5 516
990 98
233 178
501 53
129 889
599 369
879 369
345 435
179 740
509 181
770 449
867 819
887 58
524 208
177 507
39 207
597 780
125 816
805 355
886 989
734 236
810 203
386 28
443 558
614 518
888 145
944 542
528 904
583 615
735 607
948 349
833 570
237 604
530 799
735 440
555 635
957 777
738 687
260 482
154 147
322 543
86 643
46 432
473 996
142 476
412 142
840 284
666 589
534 15
74 318
931 70
867 487
184 171
845 127
521 409
439 658
316 952
501 372
618 254
837 400
263 291
718 705
678 447
610 916
807 722
702 790
953 504
374 484
171 161
635 459
908 619
130 698
86 988
675 218
70 890
927 197
57 247
516 96
990 955
476 146
591 98
25 510
211 374
7 314
530 32
653 196
620 428
433 478
996 647
658 963
986 573
367 36
661 132
578 38
187 683
237 310
45 20
534 622
969 826
363 487
382 794
532 889
199 902
774 934
576 366
832 211
692 679
957 503
899 288
895 525
841 862
808 946
698 817
346 586
440 86
648 539
351 256
740 318
151 274
7 564
690 96
907 746
802 678
641 620
106 712
184 400
19 900
222 72
41 988
631 329
102 952
910 554
597 4
964 988
778 281
221 477
752 558
732 391
54 842
734 423
239 783
75 870
272 733
331 775
632 275
846 514
625 348
46 286
746 359
875 255
795 979
144 712
513 910
512 971
570 201
454 510
402 711
882 816
849 419
884 489
78 416
850 713
55 651
209 666
525 201
122 885
634 370
175 304
253 91
92 658
37 319
554 619
441 337
645 688
78 30
675 20
944 72
600 165
920 967
704 279
175 343
219 72
345 160
113 633
735 569
791 844
81 219
253 20
365 564
388 710
100 845
125 242
289 940
880 726
203 584
738 507
922 442
522 793
924 552
211 354
712 797
795 289
325 640
159 601
362 599
627 481
115 651
597 334
464 11
84 473
770 558
480 281
156 710
57 108
845 507
846 940
632 67
742 589
744 198
413 335
895 896
262 721
285 125
755 584
414 971
956 177
83 861
517 34
947 309
434 658
395 195
306 410
749 902
990 746
912 583
630 198
939 751
592 907
508 872
66 132
104 367
597 663
897 950
471 927
754 281
498 512
665 824
523 227
925 139
595 335
249 525
565 932
837 975
567 576
235 219
143 242
164 408
347 439
754 360
184 875
223 401
792 693
23 327
557 448
171 141
194 38
893 957
752 534
752 137
399 478
862 279
235 314
461 49
445 684
541 162
928 343
251 40
70 556
732 807
644 406
577 566
814 272
409 932
473 417
319 36
601 453
293 155
732 617
235 67
641 196
787 165
848 589
22 231
97 361
850 105
578 98
127 200
601 374
675 731
86 309
825 209
769 245
553 288
328 600
898 861
611 909
831 964
922 32
760 571
425 638
64 909
943 970
10 476
88 462
911 198
753 278
56 66
882 425
221 142
513 917
59 642
557 255
171 332
616 26
670 277
390 238
709 574
572 741
554 303
654 522
180 227
386 688
478 695
138 506
114 347
96 818
686 155
691 802
754 547
250 292
396 561
971 626
736 168
916 465
391 36
903 238
355 793
500 793
653 56
311 227
450 63
470 959
235 642
288 696
769 206
148 633
628 29
829 993
938 853
629 991
758 807
134 854
763 168
139 271
511 619
165 36
607 925
370 707
222 608
758 493
867 621
814 537
568 676
502 303
177 33
782 909
246 245
951 108
298 852
793 843
440 290
973 72
19 247
20 228
225 317
634 21
284 659
566 248
379 279
490 933
454 776
992 980
916 533
278 656
216 42
598 115
50 21
46 865
51 569
506 898
77 146
809 952
610 398
77 298
14 308
457 539
600 136
528 421
297 132
50 857
503 977
442 835
552 43
932 516
315 603
721 863
477 310
501 991
501 522
687 487
514 809
232 188
175 132
490 797
469 423
306 971
272 711
314 459
146 436
702 972
501 745
263 44
67 695
998 801
432 104
378 867
109 956
471 201
808 585
332 195
810 564
204 747
353 39
299 431
997 220
965 291
514 551
454 713
734 346
496 271
94 181
719 281
284 763
299 399
561 545
601 7
413 694
432 854
929 520
783 776
643 970
533 16
76 976
204 119
910 486
373 696
613 797
807 911
944 241
339 338
784 752
840 493
966 136
87 426
73 386
474 96
682 589
256 536
99 178
794 482
688 571
382 380
1000 381
836 310
749 94
306 520
944 864
575 589
404 186
15 510
352 988
497 146
774 339
660 340
427 804
682 129
302 446
679 584
648 378
512 51
41 287
913 830
903 582
718 236
258 493
114 550
336 175
259 325
467 823
437 916
855 647
490 2
719 252
592 555
833 823
407 459
392 96
620 952
329 651
555 462
594 722
846 195
59 543
888 587
80 888
248 821
50 741
466 353
