1000 9886
780 725
855 115
655 923
665 691
479 783
245 61
564 423
507 94
793 533
271 19
756 655
460 104
560 262
134 489
1000 77
12 909
117 45
947 759
894 824
553 620
735 380
976 168
332 257
192 660
711 263
344 463
52 896
347 708
921 833
238 20
76 151
89 445
3 241
311 522
352 601
421 674
18 482
668 73
815 138
672 396
446 619
286 988
892 559
435 214
990 100
772 191
921 611
739 420
723 555
389 649
415 649
17 202
878 985
992 536
412 992
757 776
353 210
317 887
305 855
487 43
43 957
697 777
149 686
525 3
784 899
255 172
383 379
59 145
166 727
575 889
182 345
989 71
330 452
747 981
221 85
604 290
687 269
185 596
782 5
595 33
358 393
440 518
556 332
392 979
86 519
508 365
863 821
220 345
774 302
331 848
816 112
154 635
26 818
86 630
184 629
771 744
793 288
9 497
767 746
212 831
454 660
699 523
204 427
462 599
341 782
772 712
996 46
933 845
657 632
588 144
200 721
534 810
60 601
976 434
703 161
725 345
636 132
428 833
531 16
570 630
961 435
302 629
528 126
61 802
92 669
239 507
653 686
530 59
179 27
397 496
934 217
187 548
283 457
869 139
89 266
678 210
292 361
188 74
425 776
562 379
264 394
378 808
417 936
828 154
95 501
79 784
803 116
799 523
969 468
680 897
444 428
649 650
656 154
586 87
272 147
681 377
75 550
973 621
427 561
729 613
166 834
595 76
444 608
706 847
158 818
270 904
556 417
349 701
225 375
375 701
362 824
551 670
782 109
422 982
23 685
390 112
870 48
485 62
803 409
146 908
384 57
148 66
636 838
177 726
180 723
5 337
290 431
788 402
64 832
627 982
341 960
309 98
851 739
52 260
904 493
775 410
691 999
802 276
695 579
735 406
60 654
631 321
623 890
9 88
752 550
436 185
388 273
338 891
523 547
281 908
147 512
270 650
844 413
519 470
722 833
299 528
84 474
502 57
395 759
442 796
942 609
501 255
49 982
636 910
451 966
235 815
17 112
902 467
579 758
188 393
602 701
44 734
705 188
652 413
853 364
838 496
568 756
970 8
164 199
537 619
295 943
919 81
45 708
31 881
359 36
72 638
145 758
478 626
886 287
568 978
641 167
225 177
244 203
630 240
444 405
283 529
310 458
483 770
282 347
54 975
663 675
847 134
405 159
641 385
237 672
985 545
408 28
851 304
163 978
627 217
771 659
246 769
907 467
765 123
531 543
215 30
860 337
897 217
850 795
488 104
664 107
259 945
397 228
975 945
48 752
746 491
820 886
142 670
237 228
316 661
403 5
894 761
186 767
976 491
189 498
598 525
299 350
892 183
416 82
15 170
682 149
901 181
939 270
986 815
993 418
274 419
900 115
60 496
13 774
354 518
938 861
922 582
759 167
503 613
485 938
183 619
980 152
117 483
154 287
175 135
785 87
472 374
106 781
408 670
960 475
726 758
770 852
607 273
847 294
338 306
727 844
835 922
469 760
550 691
843 416
437 265
444 458
743 166
447 997
987 720
277 166
823 255
625 860
76 800
3 490
405 747
101 499
29 630
876 339
825 527
376 829
323 982
931 151
788 372
590 952
367 1
281 494
837 737
909 724
215 77
457 749
738 870
152 125
65 684
85 673
604 131
55 725
436 940
916 502
126 241
82 548
636 387
673 143
217 827
34 835
194 29
249 925
367 554
189 278
887 163
7 645
356 313
783 100
821 209
866 506
446 270
268 538
805 333
865 690
296 339
95 109
499 876
192 772
855 551
1 802
165 127
510 197
174 775
507 522
79 654
596 292
279 88
996 692
696 498
770 905
878 990
538 413
366 574
154 482
28 463
710 247
434 946
438 938
224 354
741 771
745 704
525 2
430 190
715 668
952 698
737 932
535 556
758 786
410 298
68 450
516 618
179 961
24 680
797 819
824 911
876 568
605 22
219 967
898 182
812 931
408 182
513 277
245 676
474 699
105 125
214 585
987 331
698 138
312 449
771 602
205 394
902 496
559 923
836 124
51 988
825 773
864 877
628 254
337 931
485 251
128 450
321 471
609 904
325 702
445 974
478 22
655 879
626 205
40 760
13 888
574 885
955 725
960 953
775 454
173 572
34 726
218 363
904 208
688 583
111 909
623 377
433 407
817 950
144 628
401 91
578 896
415 590
911 853
456 949
516 123
378 951
644 11
710 604
164 349
572 434
799 613
416 582
261 319
257 582
22 198
434 854
866 949
712 563
952 927
606 915
455 893
149 818
794 57
245 345
537 345
198 32
82 134
488 945
977 38
380 615
737 162
862 75
663 670
923 757
708 357
853 892
638 226
654 839
737 275
719 871
49 701
832 521
747 422
977 121
626 557
132 712
154 604
263 274
690 570
485 142
661 139
275 320
464 135
376 595
712 173
90 193
612 629
327 748
76 300
372 647
640 9
713 709
398 297
20 347
812 271
7 559
389 449
781 681
514 996
787 40
860 690
901 368
21 992
136 86
209 512
337 587
583 882
948 29
643 553
791 609
591 947
463 528
235 66
214 961
776 21
170 268
247 642
752 148
654 454
916 849
313 764
723 629
908 993
253 734
153 960
744 583
653 947
231 139
201 972
244 99
460 940
634 122
926 852
679 880
297 562
317 559
692 717
254 474
236 705
809 431
231 315
813 335
735 708
188 689
2 952
645 834
653 375
927 104
125 456
359 835
932 58
550 961
699 25
405 765
202 375
281 352
638 602
928 997
211 739
513 349
651 235
972 549
96 272
480 703
427 984
524 458
871 541
910 983
879 502
169 963
935 256
424 866
573 883
301 592
414 881
146 659
16 626
223 387
725 589
525 833
358 914
551 193
589 14
717 217
612 497
960 882
298 121
901 125
414 531
644 436
318 207
15 181
109 58
597 532
751 654
545 891
564 1
433 513
861 705
458 212
354 5
942 642
445 442
139 883
892 517
560 913
982 413
917 832
923 83
279 164
645 910
47 440
268 443
880 163
40 42
558 812
190 893
179 993
18 609
685 471
64 303
417 689
535 181
645 789
261 864
906 535
376 96
654 541
744 770
254 65
992 186
719 57
634 739
642 132
425 11
751 392
928 769
49 232
567 106
290 242
456 246
993 888
595 869
427 951
423 373
451 61
368 845
310 864
893 201
217 536
215 61
627 37
994 864
777 990
405 517
134 205
561 887
655 997
772 583
702 384
523 319
172 157
410 988
985 652
328 637
342 997
817 205
540 602
650 182
543 577
437 694
169 968
902 678
635 205
83 720
450 803
15 634
659 45
436 370
41 262
132 107
759 100
412 491
216 284
821 833
143 373
327 248
40 970
762 811
725 421
285 516
623 570
557 984
361 771
503 584
568 335
535 256
597 972
726 672
231 322
162 839
513 2
331 424
648 374
245 34
652 422
780 371
395 983
434 947
2 175
352 296
478 440
871 387
429 236
512 864
718 69
126 334
951 363
218 925
37 487
274 987
258 500
166 725
598 712
819 653
213 678
362 32
880 941
827 150
502 184
27 558
248 421
658 644
185 602
483 861
390 507
157 516
34 305
181 398
291 322
262 193
820 747
77 254
621 769
323 66
675 185
203 680
918 527
941 678
935 508
525 935
431 936
937 851
603 56
252 74
56 805
95 652
522 14
280 429
191 185
68 564
108 521
125 933
952 479
544 697
601 952
543 549
522 76
329 733
20 422
920 748
613 801
212 654
375 466
217 48
933 938
238 990
810 39
705 795
338 804
428 978
164 632
365 297
611 465
288 308
364 103
592 258
442 745
399 964
335 358
9 766
175 201
491 108
53 749
832 160
302 196
89 697
752 87
969 386
504 128
106 988
508 856
25 338
656 156
468 394
457 159
925 50
645 732
741 951
172 374
410 271
632 558
201 130
129 429
645 877
947 400
983 975
366 567
612 779
59 925
175 867
716 857
992 465
612 922
542 997
501 602
821 172
146 906
954 21
977 412
595 840
765 85
186 362
480 515
390 144
693 281
986 277
162 211
663 861
8 725
355 766
856 825
945 600
966 196
588 464
325 684
219 287
177 775
510 925
829 587
649 445
759 270
463 765
191 290
69 854
366 316
77 695
62 37
541 232
69 743
901 804
217 985
518 728
223 98
320 259
213 56
217 189
182 953
297 724
857 516
707 754
540 70
140 372
838 359
991 271
829 96
465 949
908 881
503 673
131 920
852 54
430 132
433 160
127 986
540 411
746 736
528 435
543 165
323 734
175 545
234 47
509 247
850 213
776 688
335 815
233 237
672 848
452 152
206 939
724 556
871 911
234 336
915 593
185 876
428 230
96 273
663 899
210 489
34 91
72 282
551 994
592 721
103 749
188 748
833 729
431 43
816 905
129 205
293 591
655 470
168 924
280 374
744 187
547 664
985 778
775 45
203 862
497 125
481 848
677 698
955 796
80 178
237 589
531 989
267 794
497 351
939 256
310 187
30 595
807 777
722 803
47 244
783 288
530 973
181 638
818 693
136 276
862 186
870 737
273 377
300 598
567 560
435 413
933 422
2 200
115 625
630 80
232 819
749 574
879 883
364 476
383 320
644 702
793 668
69 49
490 6
116 508
755 735
737 120
131 547
171 638
614 294
980 468
140 819
414 406
456 104
846 437
813 84
829 139
106 488
841 795
36 499
150 676
917 86
884 159
812 140
546 288
489 369
348 428
262 119
646 926
831 150
945 535
418 369
856 850
406 834
501 704
897 453
826 485
864 528
423 881
775 476
797 36
66 46
178 692
432 652
696 969
313 138
605 479
366 261
425 341
65 238
403 882
782 315
126 977
161 307
215 608
147 768
759 103
28 5
781 577
29 508
714 3
268 747
446 820
330 956
807 642
313 714
782 690
796 177
523 843
106 711
820 319
439 501
773 655
753 436
286 850
987 995
17 207
996 115
443 853
102 490
876 133
432 360
491 830
109 641
37 486
150 207
117 136
326 908
149 909
908 494
992 71
832 688
10 340
998 109
943 740
361 120
567 216
254 205
794 372
872 524
249 774
232 491
68 113
680 227
949 904
594 41
388 632
581 829
517 709
384 975
11 812
831 293
688 61
462 696
102 739
824 461
586 724
254 574
493 286
39 150
918 767
298 796
206 701
543 262
525 823
531 959
329 994
327 667
807 141
555 188
997 239
303 466
108 522
751 976
99 442
845 427
169 922
426 11
464 330
801 205
76 127
494 474
960 554
703 162
186 928
669 974
1000 315
268 937
948 59
398 28
700 932
131 483
540 861
501 375
467 571
151 877
772 820
652 662
53 341
655 301
349 903
992 729
8 421
536 603
264 318
835 681
900 178
52 645
454 113
516 244
790 511
826 940
829 91
649 941
615 622
186 886
28 446
680 221
748 13
126 393
532 894
754 698
774 931
478 266
690 146
563 928
451 666
287 288
201 935
928 945
791 112
432 381
174 417
13 272
823 259
519 522
352 420
758 892
317 634
158 678
602 792
70 338
698 987
239 441
828 362
832 877
788 712
92 45
23 569
651 368
950 172
385 228
828 584
817 217
569 584
987 169
627 254
609 351
133 446
333 119
959 263
392 535
416 397
324 270
785 788
885 683
335 654
673 875
836 481
530 692
485 5
604 837
642 550
20 977
768 857
342 489
863 601
230 919
995 465
78 471
601 33
911 247
604 619
795 247
56 177
57 262
250 935
618 603
198 635
346 774
599 273
929 781
697 281
492 243
57 954
556 548
28 77
356 578
104 507
433 539
108 419
544 106
256 832
127 304
264 331
47 9
734 488
400 379
150 546
66 986
657 165
951 543
993 269
226 148
409 364
227 725
198 86
736 617
678 332
184 640
745 781
429 162
66 764
718 124
218 931
662 816
676 750
442 351
374 459
684 52
921 235
776 546
923 437
675 308
466 203
128 832
210 404
206 57
577 955
943 668
858 616
106 501
414 458
920 331
667 726
10 255
291 936
945 763
361 193
220 284
560 161
389 281
506 945
986 327
132 573
958 993
315 609
232 193
30 404
660 107
840 682
703 951
815 713
265 229
928 419
450 59
33 1
594 652
972 916
976 95
888 610
82 974
161 421
165 405
898 962
117 940
777 19
282 659
586 479
18 249
494 402
479 90
855 943
587 277
351 156
743 654
890 334
887 568
970 486
683 919
642 348
26 896
31 675
36 715
457 282
279 228
173 590
343 606
553 48
726 757
31 961
770 851
878 944
607 274
754 706
701 969
875 90
507 113
700 7
762 312
305 9
295 690
10 558
546 748
839 733
434 716
918 148
576 315
797 989
104 556
68 143
215 360
327 882
189 909
410 614
784 359
845 834
376 943
470 777
432 464
328 818
665 405
480 605
445 709
85 686
67 111
216 819
3 939
759 546
815 892
617 29
673 787
308 242
592 845
973 192
431 581
557 385
775 334
262 807
582 860
397 516
589 48
609 978
394 630
934 442
26 833
154 773
566 403
934 471
203 91
421 224
26 752
709 861
619 443
657 946
14 81
938 134
899 909
459 898
968 369
950 796
455 342
916 932
332 261
834 381
985 255
435 218
692 120
130 372
761 352
763 318
981 363
26 180
83 317
908 826
178 475
491 160
22 659
960 169
84 977
158 568
140 99
801 831
508 677
54 761
628 662
664 808
512 785
580 416
235 681
784 165
21 194
594 772
867 776
870 89
432 15
654 878
34 335
626 693
953 611
404 173
81 872
997 810
120 242
780 768
732 9
237 613
186 485
24 344
353 636
601 229
632 45
124 313
826 53
702 576
134 28
988 705
898 761
350 702
191 42
734 832
492 603
73 847
298 676
221 804
567 89
167 130
684 446
155 730
7 597
691 572
912 831
863 282
351 54
423 997
816 527
527 467
965 531
566 639
949 365
576 763
815 340
121 758
618 774
434 273
717 594
722 1000
320 168
970 318
364 97
496 425
792 710
758 433
227 299
155 6
191 716
766 925
58 967
916 153
458 125
900 340
407 932
66 614
362 465
859 903
770 872
16 603
138 28
349 926
211 140
162 984
700 88
889 275
62 853
582 28
215 386
487 472
537 685
511 470
187 484
813 360
101 598
589 705
201 128
370 569
907 775
953 526
292 952
334 23
872 986
326 651
628 63
558 990
560 823
957 811
281 314
452 604
647 20
336 294
907 427
667 60
345 536
401 734
163 907
877 522
931 398
860 504
163 536
670 27
185 48
613 16
924 605
7 923
428 620
904 401
81 272
725 551
449 276
584 377
338 359
574 722
806 488
41 774
698 730
961 369
43 947
894 997
866 462
276 558
260 107
814 139
212 684
940 438
181 759
916 638
857 34
198 282
238 619
921 829
902 712
28 253
1 879
438 708
221 716
870 763
265 614
140 374
213 792
469 398
588 884
718 831
754 588
918 333
594 648
788 975
889 444
980 109
695 621
589 899
704 103
943 50
671 685
145 635
220 217
296 761
741 937
281 75
740 170
31 147
309 541
382 125
700 854
591 107
611 617
305 206
16 83
275 530
808 129
171 677
723 400
823 376
871 824
339 411
712 927
732 66
759 309
419 467
936 583
337 206
68 74
217 947
287 744
346 308
972 544
742 190
524 453
584 40
162 130
403 148
495 506
869 9
962 509
229 170
911 308
313 384
494 198
846 795
483 339
447 244
569 438
488 523
669 147
569 806
998 705
500 936
68 526
986 9
275 172
811 430
743 939
246 705
7 669
356 257
838 901
344 329
548 903
311 799
916 675
39 268
276 706
351 14
467 517
252 705
752 615
686 996
809 786
114 734
21 882
557 864
27 253
907 881
236 205
661 834
964 654
284 430
83 706
213 843
624 878
787 916
777 527
184 447
282 852
269 122
271 135
55 207
233 217
917 958
645 495
351 962
597 934
581 481
50 107
162 913
734 1
537 587
339 123
356 955
428 998
857 762
158 893
866 888
6 657
766 22
853 622
415 71
474 897
291 77
225 209
7 377
448 560
951 38
426 703
82 77
449 886
357 837
615 216
197 812
507 986
974 236
522 469
667 516
483 691
963 381
716 867
491 656
298 516
723 285
707 864
569 647
475 932
206 820
29 773
176 327
382 325
431 54
372 587
46 780
181 107
385 638
739 58
479 778
617 173
733 735
43 919
356 342
731 290
556 231
402 42
800 889
708 530
450 830
86 601
885 605
825 282
365 177
661 644
705 828
511 899
139 946
762 930
518 995
773 834
486 606
565 329
913 216
307 121
237 264
535 673
113 314
166 268
226 123
868 446
140 431
514 636
170 594
407 899
396 144
261 307
61 284
581 453
874 593
32 526
785 192
568 688
733 266
771 117
116 316
905 767
547 474
364 450
809 347
810 676
408 412
343 865
563 868
656 194
718 88
811 790
576 489
797 783
727 690
512 897
326 541
864 404
281 625
318 925
138 367
374 777
909 530
698 807
43 422
105 97
722 320
215 252
105 383
541 971
353 627
797 706
214 444
586 579
256 28
2 560
24 104
48 350
11 357
413 74
254 572
312 291
993 700
411 553
391 535
447 557
204 416
260 338
709 667
66 385
971 611
986 94
842 828
649 390
185 98
375 62
192 143
397 696
346 800
882 942
649 23
812 581
796 322
782 277
781 89
783 68
753 91
915 436
99 57
269 335
805 365
636 397
424 264
244 649
706 482
891 930
988 597
772 9
796 151
924 476
455 990
140 339
69 435
606 234
725 152
732 644
839 864
108 238
364 256
886 262
114 859
743 260
176 534
321 595
415 505
474 807
705 501
563 979
14 537
509 383
240 540
884 797
102 246
253 890
895 447
880 972
387 630
64 665
248 102
206 596
461 990
651 370
298 589
665 543
23 680
262 160
637 310
649 418
417 201
346 337
538 851
907 426
160 533
309 508
972 652
737 497
332 819
335 648
376 599
705 701
197 663
510 678
820 927
453 974
593 99
759 666
332 474
708 948
436 23
459 158
721 199
260 453
544 728
137 150
284 451
930 461
569 123
881 441
385 832
527 54
485 735
75 95
166 106
742 464
647 826
356 588
285 600
767 856
56 256
876 827
863 31
939 455
946 345
35 650
680 693
943 4
468 100
676 385
291 997
854 787
19 594
349 167
614 765
120 657
787 601
683 951
791 33
478 484
26 237
870 986
659 803
117 221
837 180
305 995
892 929
714 385
339 331
651 432
908 33
70 444
590 964
846 301
404 768
280 782
448 580
515 366
295 494
819 996
290 234
932 653
720 635
719 839
680 550
447 296
266 67
582 453
508 146
686 321
546 138
450 279
954 935
259 807
483 453
198 808
982 326
888 179
647 281
831 204
446 170
104 29
622 195
219 380
858 93
807 36
111 427
995 348
542 275
925 441
48 979
801 139
914 122
521 698
995 173
543 911
429 397
812 924
394 773
349 940
833 36
616 436
891 962
692 873
678 140
183 614
735 949
776 132
10 1000
706 349
209 915
66 572
312 150
109 634
608 59
918 610
689 566
508 812
179 884
509 453
805 232
862 475
614 616
889 95
173 366
362 185
643 82
827 785
796 620
102 303
914 675
336 931
353 795
634 380
233 317
253 802
713 444
771 839
149 999
443 246
172 456
104 558
966 742
909 490
590 786
168 575
557 59
975 348
210 166
362 489
12 496
234 288
72 91
492 851
642 970
332 996
884 265
479 599
890 970
164 480
10 96
603 419
539 987
497 828
427 73
506 578
416 294
18 422
151 646
225 894
501 828
376 766
674 189
642 671
392 158
601 928
105 593
789 926
751 814
406 1
117 910
407 478
389 831
228 361
181 701
117 575
118 360
626 279
938 939
464 542
598 145
726 986
892 438
462 632
420 825
670 189
259 509
579 548
66 913
505 183
892 549
517 358
26 51
518 961
633 691
935 108
486 697
433 259
622 629
387 494
309 933
466 333
231 207
199 621
175 406
154 30
541 642
283 702
88 278
767 126
269 895
182 416
455 916
349 433
598 716
505 755
14 941
142 752
516 599
336 911
542 18
997 630
154 816
49 46
272 331
883 371
96 15
903 737
673 753
391 82
823 79
880 655
441 309
224 931
243 65
581 937
513 153
785 668
129 144
831 465
428 676
581 826
450 300
638 933
340 872
163 913
443 529
280 147
747 910
855 444
659 401
54 325
469 806
774 66
302 963
428 394
301 660
69 837
733 689
100 18
372 735
262 328
324 602
109 476
310 541
938 218
905 19
873 935
12 943
125 530
147 944
777 41
100 880
924 562
352 797
869 516
283 161
346 461
517 440
386 682
776 126
395 696
930 763
236 22
643 494
758 439
981 156
285 661
255 411
992 587
818 971
412 536
126 396
201 987
239 887
865 300
297 328
151 445
429 187
321 594
400 743
951 730
247 929
884 751
667 131
762 271
417 652
679 984
207 959
41 988
118 580
758 883
797 865
283 523
177 12
875 949
125 334
73 499
992 247
663 292
427 580
45 13
448 633
927 115
984 603
90 662
810 955
874 118
736 123
976 554
779 9
410 604
676 663
638 848
307 726
245 993
876 989
237 873
733 612
699 956
479 828
526 703
926 245
750 473
290 651
57 108
609 943
61 588
963 880
622 827
523 456
873 899
15 92
368 341
33 692
156 6
29 304
624 614
626 460
807 865
424 342
688 759
657 888
165 161
431 226
161 986
606 308
363 186
278 371
231 265
202 9
844 712
278 226
135 559
896 877
804 679
473 634
88 358
311 366
810 603
923 360
581 755
486 976
583 322
623 727
418 592
515 34
438 919
644 710
666 442
280 625
210 555
10 678
193 740
804 453
272 245
700 237
370 712
651 557
138 34
797 837
522 198
713 78
70 445
867 757
679 572
409 519
153 432
68 37
675 23
328 437
789 3
629 964
498 326
723 259
581 865
327 937
707 791
500 575
214 485
612 664
63 192
637 59
911 310
775 359
760 692
518 15
320 833
711 506
432 740
472 913
626 14
38 864
5 121
578 429
213 390
655 211
549 636
513 574
328 539
203 176
22 724
721 435
947 785
52 939
92 872
187 900
424 306
438 619
705 967
691 276
322 433
195 933
749 502
416 822
36 615
787 809
934 136
668 124
762 899
429 592
925 587
50 263
435 195
155 192
487 175
770 959
565 923
774 991
387 501
980 28
178 50
607 287
518 772
860 759
745 750
961 953
374 662
377 178
966 426
14 551
988 406
326 789
292 141
679 787
684 639
992 871
995 582
227 976
235 333
78 421
182 372
754 931
426 810
23 924
542 756
415 274
289 626
676 122
805 602
742 495
33 629
984 531
822 311
367 414
747 468
766 112
159 354
346 359
328 934
241 635
334 252
375 528
323 109
94 936
37 915
685 807
284 576
746 279
108 892
16 658
589 203
59 532
890 826
157 127
200 478
613 86
543 703
603 64
111 345
721 253
133 7
523 387
621 348
19 96
521 166
869 670
485 645
716 7
522 794
493 890
151 980
321 9
907 782
40 975
882 874
269 550
759 16
257 373
531 219
326 437
728 235
247 941
106 707
69 477
969 711
342 579
435 223
700 337
496 287
350 462
631 843
857 826
169 280
283 256
545 725
657 499
3 129
887 515
653 71
599 466
642 504
495 922
614 484
226 445
567 431
249 772
693 987
503 907
240 298
554 687
991 835
970 703
300 122
428 71
33 529
819 942
785 514
860 66
6 812
300 9
125 124
101 243
570 74
59 707
466 579
394 164
985 813
513 954
806 737
54 346
369 276
522 184
816 853
636 334
285 14
323 359
544 28
332 615
608 471
72 114
739 559
152 381
90 9
143 1
971 384
826 71
846 960
542 473
411 841
329 704
87 842
185 356
773 43
796 348
104 372
642 799
804 887
143 295
882 440
518 753
332 348
857 203
297 28
904 52
348 338
50 380
32 223
566 668
481 344
620 429
464 891
829 87
726 705
145 370
28 157
889 381
664 133
942 753
361 540
235 247
745 91
697 814
849 887
847 484
705 459
541 869
158 539
849 640
98 660
814 70
432 448
714 880
554 643
888 457
400 765
609 113
93 768
336 763
46 654
654 841
167 654
668 913
480 314
51 913
189 716
894 477
732 488
664 888
696 585
803 367
238 464
205 57
778 83
617 73
696 568
608 260
850 705
561 946
896 840
964 329
56 198
631 425
81 277
778 437
138 980
322 25
584 380
218 166
185 279
575 38
63 274
191 297
229 998
251 18
803 939
697 428
810 117
228 290
377 744
325 648
146 109
682 75
441 607
192 723
524 832
907 854
201 523
130 537
499 810
322 477
696 338
369 606
689 703
529 470
597 911
288 563
472 272
723 857
889 65
463 82
653 62
545 669
126 312
509 400
92 376
719 269
44 507
170 842
967 506
322 897
420 310
64 328
432 492
597 647
733 18
220 75
81 432
756 181
97 496
242 194
297 726
375 745
525 294
747 346
268 771
14 789
628 495
620 635
162 447
309 316
958 651
337 195
855 257
215 166
223 747
464 202
462 325
618 487
452 443
57 429
3 947
150 678
851 535
945 750
162 240
206 761
686 711
154 220
30 299
17 632
18 467
110 21
185 450
461 405
1000 89
117 615
177 806
380 299
476 938
147 122
692 707
298 242
65 244
195 646
803 839
697 456
520 335
574 902
545 140
895 590
465 510
436 267
772 429
192 831
598 139
907 882
947 638
153 644
151 587
698 954
984 186
696 366
255 461
352 548
739 432
997 675
25 518
979 366
926 811
943 139
782 783
473 597
224 349
791 71
392 777
157 871
429 130
16 41
328 491
944 725
780 427
304 372
366 662
131 665
387 547
512 952
399 764
129 488
595 13
500 975
283 867
439 892
318 631
541 332
68 26
965 276
72 93
664 769
851 469
102 873
808 480
140 526
16 516
146 975
882 453
432 244
21 509
370 177
669 417
779 161
543 408
142 547
894 356
362 893
129 852
42 671
205 193
336 112
542 192
981 608
712 235
87 253
952 608
128 364
458 687
555 343
756 764
760 759
544 548
228 53
542 991
329 858
591 674
761 959
65 880
318 2
251 109
432 641
863 290
481 992
958 114
464 754
800 892
307 860
734 533
290 914
130 959
792 464
332 313
35 870
526 192
61 966
283 116
106 689
441 720
665 432
23 398
761 507
557 978
147 594
991 317
245 187
620 473
549 83
307 280
771 489
439 367
813 606
730 726
629 470
386 8
725 779
870 992
690 122
89 577
932 3
861 227
373 313
836 935
58 355
168 511
956 264
582 214
470 732
897 862
440 927
421 868
760 232
157 542
874 16
487 743
401 980
589 571
685 104
888 140
682 899
450 443
978 761
826 78
771 579
633 440
211 939
50 688
253 407
226 328
868 852
854 643
600 862
392 868
603 385
860 272
510 649
653 965
7 947
20 334
612 288
996 71
155 545
673 172
114 226
536 228
419 808
4 858
42 405
8 285
209 396
300 569
968 591
473 55
451 542
419 953
412 965
392 11
66 190
660 764
184 173
863 407
97 732
611 839
291 748
368 9
999 548
961 948
752 367
736 868
535 710
574 184
482 240
28 260
692 803
382 905
757 952
917 898
147 622
814 506
454 104
737 767
214 696
297 334
870 573
118 822
709 369
78 552
183 846
165 719
524 778
709 258
257 889
611 992
957 724
694 489
287 77
989 163
684 727
386 270
79 175
617 524
942 235
59 188
936 960
352 135
903 132
444 751
362 800
842 534
646 686
674 319
603 719
875 610
318 33
257 293
441 192
280 66
686 462
301 980
693 498
309 505
717 460
205 56
523 159
651 930
864 642
234 536
788 9
993 733
281 713
855 51
39 6
909 883
595 750
725 547
356 154
923 352
919 711
82 886
981 890
730 58
89 178
911 99
851 950
86 193
126 786
844 405
999 763
514 769
843 87
520 434
333 873
853 18
212 398
325 937
491 433
383 231
956 797
922 669
579 766
819 15
468 103
785 99
588 880
420 194
278 224
580 800
653 940
731 856
810 601
539 13
44 613
268 29
287 259
201 311
388 510
933 285
221 27
629 398
921 381
81 744
463 514
504 17
547 407
533 584
386 355
839 756
842 296
124 636
537 318
388 419
457 928
305 194
469 959
163 252
789 144
847 142
171 665
262 240
124 671
451 185
616 689
510 404
276 436
133 621
205 5
45 217
253 494
915 599
147 449
115 99
43 368
150 564
29 829
690 985
39 196
498 38
505 940
800 516
258 796
261 235
599 125
945 638
964 430
398 268
114 105
422 438
669 111
392 683
721 812
627 285
908 569
629 939
703 660
159 994
751 644
916 687
902 910
853 212
393 366
839 481
242 802
959 984
568 459
587 409
570 665
602 719
613 581
161 996
914 218
239 971
648 498
153 564
706 344
577 32
160 529
168 87
466 356
359 499
352 259
836 573
529 453
607 430
41 905
887 942
49 438
196 291
947 493
366 663
300 562
685 353
338 76
585 85
306 430
309 637
92 99
292 877
188 590
875 780
271 561
756 57
25 223
633 306
390 417
157 426
780 527
399 413
718 245
495 68
390 48
23 949
652 389
788 483
457 661
385 336
812 25
447 54
586 698
453 865
789 775
739 676
275 433
358 550
849 990
471 285
176 619
596 906
299 404
764 192
838 827
360 134
786 926
255 991
716 291
384 694
77 791
388 198
246 694
483 192
191 275
752 535
694 686
241 22
902 987
445 132
549 542
307 863
790 792
645 11
580 679
619 726
341 452
511 788
77 955
278 479
892 433
126 693
19 433
408 804
631 980
388 282
136 371
9 715
47 7
819 214
730 391
531 330
951 557
454 15
154 379
62 576
800 313
451 791
866 54
369 758
667 11
995 646
870 534
942 387
875 172
392 194
827 961
188 157
304 420
357 562
371 386
148 627
631 544
461 724
408 480
642 105
524 69
133 10
864 424
813 33
673 758
139 62
451 224
185 972
703 566
618 26
121 546
163 773
241 613
42 223
152 50
707 832
358 831
218 654
306 775
658 625
833 746
744 475
904 258
342 340
777 995
336 93
681 656
834 991
820 903
656 928
753 492
418 996
368 590
755 362
367 880
502 665
322 51
881 389
53 129
994 609
228 441
559 723
216 417
289 299
646 297
772 471
757 703
242 476
598 65
412 454
490 994
860 964
576 623
369 807
596 610
557 932
835 542
654 70
986 926
916 837
827 27
948 470
291 973
40 203
576 718
574 264
407 931
635 298
528 672
140 222
911 627
692 80
628 977
10 830
796 945
211 147
653 24
545 759
486 811
73 150
956 207
44 529
631 591
361 659
412 825
275 799
63 644
550 578
131 720
244 111
525 256
693 686
144 357
770 377
475 341
405 130
633 377
101 307
292 591
304 27
474 359
928 780
479 661
945 998
694 187
920 228
498 432
65 755
172 177
381 745
803 273
314 302
647 416
225 729
100 467
525 705
210 399
104 918
846 636
937 688
20 252
975 932
299 79
819 639
485 360
498 229
996 100
613 509
565 969
915 246
630 737
554 205
119 100
502 788
415 871
995 181
998 824
88 887
929 775
381 794
248 893
9 801
84 483
144 584
218 617
237 315
991 86
194 950
874 864
537 848
33 380
619 956
729 140
772 206
162 791
587 218
827 555
339 892
213 916
587 171
828 183
960 103
689 927
410 72
303 647
309 838
791 146
150 30
44 501
318 656
68 499
178 367
804 15
36 145
220 214
349 502
210 924
672 905
486 49
470 682
969 217
409 561
223 934
495 845
478 661
462 62
231 839
974 149
301 789
177 271
229 317
955 248
719 835
315 665
262 128
301 934
68 951
305 419
345 718
72 434
56 535
651 112
34 82
474 413
440 293
885 649
993 691
102 685
124 493
699 989
294 275
927 901
854 315
323 289
878 173
834 943
393 179
394 604
432 743
234 799
720 74
886 635
688 424
228 369
263 818
896 802
144 662
665 872
61 847
152 597
577 348
109 195
97 539
518 703
156 916
873 670
213 229
985 116
255 382
130 763
60 376
596 410
622 754
880 509
678 128
917 840
165 979
991 475
853 422
247 635
654 169
490 732
383 107
504 848
716 303
921 431
667 223
904 699
652 265
567 958
568 520
187 434
775 211
335 234
600 153
590 628
662 65
560 519
671 797
914 814
58 316
132 987
45 82
420 678
993 856
616 48
941 408
337 367
836 242
908 295
747 457
196 81
58 30
59 843
63 771
102 879
323 110
751 807
90 879
903 461
772 809
292 723
884 277
812 26
337 958
807 273
405 525
137 359
925 198
470 237
837 89
698 320
261 206
265 11
964 387
416 169
751 965
955 704
316 690
405 751
542 480
265 404
910 324
986 246
695 642
498 932
630 553
890 394
642 276
622 61
967 783
267 401
764 278
382 689
553 747
471 832
995 90
984 233
65 162
160 507
36 646
401 7
913 437
887 329
213 874
420 180
973 864
502 280
749 761
507 754
558 993
80 864
615 720
690 233
799 537
56 703
740 851
291 159
699 266
61 505
12 35
931 975
948 823
453 383
992 239
978 48
831 878
103 243
803 137
417 454
742 398
817 37
466 141
413 946
346 471
145 864
920 282
387 831
172 63
138 507
820 755
31 372
110 407
612 637
443 500
147 812
926 483
512 339
231 621
842 722
511 810
760 823
617 82
173 503
267 947
307 766
641 226
989 690
773 485
422 285
39 579
9 328
103 772
290 355
234 708
240 393
312 6
756 577
191 310
928 336
712 487
865 779
313 412
243 735
562 813
928 207
112 870
18 59
165 312
113 255
421 142
518 756
449 221
766 889
695 900
40 942
848 773
226 937
388 360
840 69
965 594
359 711
658 122
986 927
665 443
75 148
297 146
833 976
361 999
982 707
506 248
490 645
74 452
402 463
922 822
761 262
765 821
119 524
982 562
362 475
714 180
770 866
832 760
761 109
222 871
649 551
944 945
273 181
770 789
205 912
478 412
173 178
709 256
175 420
476 101
757 20
461 759
689 860
525 430
90 739
14 909
816 345
253 651
106 9
220 17
757 310
114 994
34 365
128 234
940 905
745 231
72 407
915 573
272 585
627 199
850 922
547 902
531 525
129 865
650 389
184 743
837 561
768 88
295 5
189 514
690 789
233 710
312 179
80 840
612 454
299 479
13 677
566 307
164 855
772 662
422 27
351 387
544 733
288 27
113 10
645 49
9 153
820 41
839 511
810 3
501 340
514 799
416 814
491 290
608 484
769 878
830 596
597 170
431 238
971 707
252 921
109 768
458 8
153 606
482 146
139 735
377 440
487 135
899 231
701 77
979 343
748 104
115 669
847 340
518 796
999 185
781 70
533 741
662 971
130 88
960 151
374 569
158 634
378 564
719 191
281 77
486 54
345 898
68 505
514 101
128 936
26 79
336 587
618 177
176 996
304 169
973 357
292 986
496 631
813 104
483 669
135 124
85 945
362 770
971 944
99 328
990 562
348 337
483 746
211 603
560 88
285 465
569 734
368 937
773 428
395 213
962 925
138 149
376 632
858 260
34 962
997 394
385 532
354 615
888 87
564 470
587 607
132 346
927 693
416 253
886 632
27 469
688 425
130 982
757 709
856 682
779 299
566 569
851 934
517 107
117 727
844 491
473 783
701 143
683 908
654 729
82 92
819 717
139 874
411 193
69 485
821 534
554 883
293 237
494 870
814 449
83 697
959 696
356 835
340 72
37 232
865 511
101 805
227 758
853 278
924 208
573 151
244 787
482 920
357 540
356 929
514 295
272 70
150 59
758 780
596 95
299 536
257 167
439 91
188 985
318 792
746 863
802 605
641 729
21 183
873 336
504 269
31 2
146 808
491 761
428 238
177 298
710 732
556 242
23 751
889 527
484 213
529 686
689 112
975 633
856 715
48 424
750 699
72 318
423 11
794 941
137 358
752 811
56 786
312 252
412 175
406 821
227 273
484 873
112 895
985 260
414 628
826 575
596 874
994 170
104 284
655 51
847 859
459 42
710 516
692 52
252 739
464 531
533 21
17 421
62 503
182 77
231 484
910 129
848 568
778 799
988 859
415 370
218 832
662 657
495 704
576 850
444 130
874 603
202 832
350 434
559 504
799 425
965 945
72 928
789 387
791 213
616 849
802 526
107 358
399 684
445 326
420 329
331 798
292 899
315 482
172 425
822 824
49 178
489 59
669 513
793 489
124 705
234 257
237 606
297 973
279 869
229 10
531 630
840 97
569 677
842 723
863 847
664 143
629 553
280 152
9 510
621 905
986 262
94 795
4 551
298 772
135 627
263 454
380 136
932 823
717 7
555 180
182 593
711 553
379 64
180 407
274 172
99 321
857 301
852 752
302 529
237 799
359 992
416 916
768 441
588 26
50 34
388 474
248 867
501 383
485 822
161 576
792 148
3 153
387 399
27 187
544 15
339 765
341 343
549 786
252 630
648 61
869 993
784 685
712 605
760 451
982 155
183 730
793 514
334 674
32 544
417 790
420 399
10 655
317 513
892 923
586 90
897 669
535 777
535 135
113 994
909 846
16 109
707 461
791 366
667 932
690 383
358 465
215 440
549 392
897 959
789 430
936 963
116 163
478 846
635 869
672 845
413 917
877 773
487 516
482 559
134 140
310 7
737 297
846 501
439 929
831 611
45 298
176 39
716 389
509 957
681 802
100 334
284 533
780 946
894 336
826 208
423 66
263 717
46 991
584 386
509 671
538 639
958 860
670 80
635 831
530 575
489 595
290 644
254 685
882 234
919 851
5 255
32 307
731 499
769 722
130 832
721 313
119 102
69 861
394 521
900 246
553 512
296 503
829 691
823 254
393 629
655 107
948 231
493 830
352 830
374 195
428 943
431 120
256 856
824 3
830 854
703 428
276 725
782 21
450 514
181 650
795 154
808 287
519 819
757 804
705 137
102 475
838 495
624 39
571 219
628 567
735 893
478 494
262 303
727 957
528 285
325 89
903 438
226 398
413 678
213 25
221 137
944 696
926 636
250 619
604 334
822 701
914 712
538 108
690 355
913 512
769 823
954 220
992 7
386 384
335 935
972 282
124 666
324 436
987 284
496 35
673 578
29 649
822 78
392 571
764 985
751 205
829 787
522 237
670 61
34 963
643 947
626 809
404 305
726 500
305 837
506 667
12 782
786 953
465 37
308 149
459 291
424 458
191 248
124 205
930 376
604 583
330 604
80 171
243 745
910 197
229 518
179 273
217 966
825 263
274 7
94 412
65 138
278 350
527 16
472 180
736 961
588 34
863 488
316 893
688 648
49 926
804 538
252 591
454 151
385 356
256 804
297 88
777 326
597 77
273 231
942 12
778 888
549 955
217 386
454 433
149 557
978 567
528 746
856 231
399 949
491 188
493 389
905 708
653 94
585 888
896 765
144 114
54 533
757 894
72 788
89 922
662 725
317 698
671 799
340 525
548 42
749 855
55 106
23 520
780 133
159 216
680 497
224 925
997 830
800 782
139 100
234 298
660 322
629 931
560 246
228 844
263 319
278 135
660 305
385 341
868 523
9 449
929 272
52 417
938 421
695 329
648 744
794 938
726 417
667 27
237 812
863 520
260 357
209 267
172 921
66 436
730 991
33 37
561 591
213 308
855 869
786 812
420 754
665 985
833 335
852 733
13 637
751 677
166 37
702 123
190 943
874 900
467 550
1 910
256 304
890 362
818 767
342 981
53 622
352 597
867 150
890 221
160 364
564 656
17 53
914 317
734 458
583 281
416 565
594 696
810 397
261 998
291 816
862 441
150 85
957 347
944 552
323 611
954 451
771 139
576 113
979 108
50 872
178 666
184 926
280 448
707 662
905 962
432 424
766 439
548 78
901 890
386 473
23 556
603 630
620 552
977 875
710 932
836 208
638 92
966 599
935 668
343 800
228 864
963 239
715 638
345 516
657 629
971 712
491 777
880 583
703 785
256 633
452 921
906 196
247 298
289 206
290 353
171 174
839 352
359 829
730 947
57 203
259 515
351 425
27 495
229 973
927 652
146 499
845 307
60 621
276 530
189 335
252 657
541 945
539 505
9 778
673 371
32 101
506 36
201 530
274 478
437 946
701 325
584 769
153 576
390 887
282 868
815 178
273 175
23 516
960 495
743 428
389 721
856 48
566 947
127 91
761 245
852 36
283 739
875 141
396 2
956 947
400 69
714 418
22 642
278 58
923 307
528 321
474 977
257 893
150 224
410 548
905 877
232 643
858 891
180 867
181 990
6 995
483 786
755 684
305 218
743 841
352 155
357 134
709 177
435 920
359 652
150 445
525 543
733 860
238 362
129 246
37 965
594 2
760 998
836 91
603 368
949 868
915 940
901 641
10 34
91 181
552 929
167 120
668 547
308 178
347 348
574 653
646 238
766 130
212 982
782 478
105 386
492 756
388 153
545 10
857 264
741 443
640 290
380 371
109 75
276 566
647 609
373 758
544 334
69 749
929 772
180 138
588 63
441 187
331 46
223 84
6 62
160 438
821 911
88 69
854 745
830 855
902 704
173 720
672 81
256 78
221 708
968 821
848 626
692 771
767 329
269 78
933 39
572 361
944 960
363 93
781 243
602 560
26 244
69 178
623 971
936 243
115 524
758 806
45 841
762 301
208 107
348 926
455 858
888 379
102 149
212 46
177 34
968 307
643 329
183 76
132 994
776 698
193 792
358 498
215 351
879 692
367 201
421 824
979 770
547 70
768 873
148 251
993 930
722 32
964 101
418 129
43 372
119 513
637 68
971 656
400 901
662 701
522 234
579 471
941 740
851 651
265 236
950 717
788 152
722 612
851 888
285 866
513 647
293 343
20 497
15 853
706 910
778 293
327 120
916 683
991 145
912 144
134 536
126 818
173 675
763 207
29 415
657 862
565 381
291 680
666 548
424 455
483 376
753 838
19 518
421 422
23 470
227 363
47 476
288 485
566 968
404 751
477 975
478 312
705 148
84 87
315 898
296 959
667 208
61 353
563 995
452 802
969 408
642 494
933 317
607 426
638 493
25 272
717 239
286 425
161 391
514 212
864 273
516 634
41 542
352 391
119 929
615 28
520 948
331 965
996 645
724 884
564 961
307 976
452 87
570 350
272 501
976 601
116 228
478 775
707 987
379 634
412 219
537 56
920 176
793 166
632 122
831 442
827 883
335 555
256 8
703 764
119 485
817 361
603 440
289 944
722 765
410 944
454 677
293 617
739 569
382 617
33 36
94 607
630 701
150 929
473 478
169 797
683 191
902 991
998 875
89 238
587 347
180 211
682 125
276 750
706 103
598 57
605 787
142 19
255 654
281 911
754 347
666 905
503 428
105 773
969 632
87 685
914 171
971 38
330 930
864 401
886 151
28 317
360 725
518 952
330 132
666 730
334 580
616 693
672 359
32 518
948 797
352 291
156 71
28 626
715 648
663 424
779 695
747 251
976 629
609 254
990 429
101 394
301 184
171 661
242 592
594 253
956 500
150 295
44 222
928 969
671 899
348 356
470 947
110 410
534 264
940 55
196 199
215 101
560 98
428 498
176 283
216 792
323 220
767 665
347 194
590 130
974 285
610 860
264 654
138 171
90 96
53 28
169 631
721 66
356 555
143 15
972 981
129 597
60 767
299 261
341 130
214 112
364 805
441 162
863 269
935 176
773 21
809 377
593 621
688 627
262 538
587 327
570 635
33 325
830 41
762 739
299 547
853 136
948 188
187 591
882 648
101 468
584 770
35 662
507 949
183 566
899 865
432 875
279 3
539 711
874 667
490 683
112 146
535 306
792 894
705 163
317 829
264 439
43 16
877 421
315 515
629 260
508 851
733 358
791 138
649 693
529 159
434 733
589 871
92 257
609 169
865 7
996 895
742 335
727 761
548 28
325 389
684 716
421 946
280 826
923 592
687 427
266 885
512 613
340 582
269 638
499 95
559 621
620 525
876 679
974 44
996 556
23 672
48 20
410 679
51 919
674 28
901 639
8 994
190 462
89 242
730 707
233 937
629 301
458 782
518 248
171 495
320 803
291 549
998 496
30 422
638 859
253 295
869 109
816 887
526 646
111 302
133 968
1000 99
104 184
801 118
837 848
354 576
725 671
561 662
621 286
930 453
623 304
652 846
891 120
859 454
645 79
227 400
636 812
616 738
884 669
471 773
648 76
557 900
8 648
461 466
39 982
302 380
982 738
586 267
70 255
165 908
386 939
114 996
73 169
463 171
140 254
70 123
143 965
41 775
952 561
145 737
15 463
719 267
101 736
704 909
358 145
948 891
280 503
371 294
153 159
27 626
139 156
512 978
767 140
749 881
606 778
129 390
93 973
499 217
106 104
289 728
474 724
127 690
679 115
258 725
832 754
894 934
367 496
479 746
409 720
764 612
160 730
379 462
965 459
695 246
452 417
881 529
414 852
593 165
702 513
977 6
365 101
648 601
346 95
55 629
594 265
426 151
411 745
976 73
886 716
878 497
255 951
365 51
95 862
360 948
212 602
564 247
242 537
588 205
647 580
355 114
411 932
415 980
832 883
648 153
960 667
599 444
657 861
341 412
288 280
456 874
882 720
208 559
178 203
51 107
696 372
400 337
482 181
882 770
50 401
681 113
130 281
167 251
191 449
136 698
420 114
667 211
409 199
106 795
199 534
236 174
120 915
905 859
362 48
591 513
992 199
663 500
135 191
988 179
183 83
746 40
139 9
998 905
803 126
25 162
478 772
138 451
361 26
141 716
36 486
443 492
50 646
346 273
947 908
194 989
232 152
397 856
34 114
716 634
73 968
347 249
555 316
85 549
159 542
886 697
479 893
123 207
621 708
217 774
697 12
882 48
96 645
741 251
137 69
34 711
273 645
904 289
126 988
492 158
848 142
385 896
66 199
998 964
536 987
773 978
929 700
957 6
744 749
266 1
213 886
804 655
821 631
862 157
80 725
250 237
573 71
294 552
23 106
525 164
212 161
568 697
93 226
979 129
801 821
343 638
328 269
754 879
813 378
335 202
121 346
984 728
240 632
10 456
373 436
637 711
430 933
59 391
932 495
242 593
166 931
858 303
73 313
989 379
58 79
439 862
613 447
979 829
251 594
512 696
864 139
59 875
298 737
544 777
266 3
983 242
345 522
537 132
777 111
727 137
195 8
898 719
42 381
25 585
247 292
466 717
160 992
507 411
414 949
702 424
152 324
190 156
119 238
981 767
394 385
287 279
271 665
554 355
39 489
887 229
155 724
502 781
178 591
195 695
808 746
825 204
935 179
652 939
944 606
415 799
659 85
74 671
402 150
847 824
648 194
886 982
852 610
869 524
599 503
145 184
56 365
669 741
363 260
291 611
269 817
455 300
705 535
649 841
687 897
214 18
446 561
70 909
53 753
93 292
729 407
277 557
923 23
616 515
299 849
670 864
231 154
782 862
629 259
459 535
589 855
156 621
140 170
415 480
598 625
858 982
975 73
926 519
33 980
712 601
624 363
880 965
791 363
591 14
520 955
543 171
838 1
548 243
509 969
554 330
530 413
975 284
368 745
10 206
376 898
86 573
110 552
766 179
327 957
78 145
309 891
903 884
216 838
876 838
146 529
350 753
522 244
618 285
119 264
848 266
721 28
977 170
673 209
507 423
768 203
901 417
170 189
156 376
485 484
436 24
418 628
264 905
492 343
311 781
437 754
282 565
409 973
765 542
643 421
536 531
601 51
196 881
914 240
511 952
918 165
424 124
727 624
359 372
969 640
143 599
386 936
26 323
781 241
556 419
576 157
673 809
796 914
31 871
857 740
345 275
697 851
241 705
631 558
64 464
482 611
567 966
418 731
991 934
633 62
432 483
713 118
487 327
650 609
319 414
893 869
654 701
566 762
188 535
64 621
176 119
984 942
550 845
522 683
333 191
261 418
796 30
85 814
674 349
747 625
200 204
883 81
314 348
461 219
142 590
200 347
868 502
974 299
759 595
760 883
65 579
542 239
357 491
553 822
806 544
261 213
925 110
618 640
176 435
68 737
366 394
355 919
262 705
679 16
316 538
248 960
635 828
119 71
414 670
346 737
242 398
445 235
502 996
912 640
584 637
288 170
588 93
28 295
976 263
448 416
670 527
622 772
660 545
554 236
187 525
39 612
240 96
810 583
809 58
895 77
442 693
672 494
819 113
641 785
913 20
696 484
553 61
165 943
932 135
143 984
900 371
476 267
371 487
558 825
154 3
102 341
654 460
676 140
128 618
933 315
311 251
495 910
187 457
6 655
978 340
80 935
944 716
266 552
819 700
213 661
923 618
381 263
232 733
770 507
590 744
93 285
48 255
779 243
42 981
617 863
894 397
146 951
54 84
112 837
449 545
527 923
928 653
289 965
716 996
310 893
547 922
43 338
543 385
519 152
759 567
426 249
726 420
375 782
57 863
379 203
181 113
788 207
556 931
925 881
971 412
110 56
685 594
262 685
254 44
136 140
651 607
241 180
17 383
807 848
593 332
463 558
543 874
583 809
35 879
753 6
387 170
843 533
50 336
123 266
329 415
847 581
539 316
557 971
835 697
60 136
117 457
562 326
356 867
870 900
31 942
753 578
771 127
990 369
849 771
704 10
552 102
559 388
136 550
406 177
746 812
865 106
842 173
373 435
361 475
54 790
491 584
367 341
791 439
371 142
7 484
563 524
309 716
157 765
813 172
344 821
51 957
461 18
128 33
607 989
612 713
774 168
544 889
653 243
716 671
453 847
772 921
349 878
160 993
747 871
630 548
186 701
313 617
579 62
907 904
233 638
401 410
935 221
541 102
561 616
547 557
896 525
147 955
21 990
423 926
227 233
857 162
697 265
716 35
458 319
259 290
338 793
730 323
606 438
709 951
891 956
472 30
791 817
300 748
131 505
951 527
640 820
500 242
719 384
973 912
231 234
641 970
701 774
881 850
139 485
909 249
876 364
698 636
71 530
165 601
922 68
651 398
803 219
325 387
384 379
652 44
35 50
989 301
301 278
564 955
926 294
374 867
693 729
615 205
56 658
954 183
137 631
177 319
78 150
741 382
355 527
391 847
312 346
738 800
759 590
704 752
10 33
160 926
103 726
114 237
499 209
168 941
670 84
29 116
492 434
293 559
845 498
722 639
355 890
832 451
285 155
273 691
471 688
240 426
863 722
55 817
82 881
416 69
751 873
863 355
118 318
579 824
997 489
800 955
123 468
130 638
222 264
802 259
248 643
47 231
393 452
179 471
566 705
92 780
130 529
592 332
494 732
276 262
161 977
364 184
681 138
979 493
412 710
532 695
956 907
424 12
226 168
616 608
391 846
122 489
540 715
912 353
640 784
40 60
168 241
921 469
494 937
540 377
27 854
671 513
73 180
464 854
404 564
153 236
351 753
12 17
965 117
718 599
651 426
141 452
384 327
497 706
663 323
350 413
284 800
943 563
968 389
417 385
633 287
744 664
664 813
756 83
884 136
405 785
278 513
372 420
964 96
340 826
608 218
24 59
333 15
834 532
419 460
195 50
161 230
34 108
349 805
722 321
999 847
547 822
418 382
780 688
413 441
346 972
185 458
810 607
886 706
668 433
427 261
692 319
902 233
933 563
200 649
19 79
256 619
350 927
117 944
358 972
959 227
183 162
416 97
539 565
811 296
942 946
635 172
728 506
928 12
857 154
46 851
986 830
54 501
57 994
613 765
249 330
708 711
857 11
652 267
142 165
735 46
204 934
608 359
550 661
166 366
235 965
361 930
785 64
793 589
353 198
923 222
953 919
442 404
500 130
709 306
321 529
892 872
785 354
969 413
842 149
116 338
158 603
825 90
785 499
70 263
897 729
326 925
662 91
934 732
828 439
421 999
813 421
463 348
105 128
342 85
514 66
789 332
591 80
956 467
44 245
779 362
428 84
11 964
504 274
340 632
894 35
896 398
880 669
404 157
833 997
119 704
497 968
228 840
344 226
685 798
765 16
197 708
608 341
684 218
703 846
434 657
800 551
546 23
582 825
697 161
955 617
522 28
650 41
815 753
337 850
657 755
967 819
919 529
384 653
830 470
405 745
816 640
356 345
912 975
603 200
398 98
511 575
755 437
562 771
104 257
56 484
972 146
277 964
1000 347
854 170
270 832
274 502
682 11
5 358
923 547
532 521
883 995
113 311
4 162
702 73
799 737
549 970
353 654
664 588
44 774
566 939
919 390
97 884
766 590
532 990
311 169
793 730
49 378
11 770
692 651
73 477
609 243
37 634
314 977
135 157
46 264
987 442
789 352
494 535
331 994
278 751
906 652
230 244
603 586
505 987
382 307
129 125
620 699
154 805
20 897
606 731
523 26
262 66
408 911
11 206
450 290
324 287
362 726
474 428
113 548
412 286
774 169
466 568
251 690
399 133
324 686
896 39
954 869
332 145
704 772
155 904
686 660
267 518
225 514
401 11
661 346
596 949
597 180
784 847
731 490
324 588
384 617
403 439
541 101
816 684
704 518
83 824
156 52
485 672
566 587
414 740
907 411
721 498
377 324
472 112
995 962
633 635
78 896
770 602
782 941
676 400
329 267
183 672
477 899
283 374
627 808
586 357
344 840
115 647
181 189
191 982
641 969
678 428
112 371
40 464
10 648
361 660
583 481
163 490
291 161
862 296
150 228
188 815
279 448
321 717
8 875
605 218
219 899
348 37
597 566
189 175
35 53
1 229
21 335
369 550
708 340
232 251
470 611
953 395
737 300
314 215
387 769
369 355
889 714
428 322
266 37
158 111
841 687
826 221
556 70
902 94
689 355
138 251
765 472
489 709
54 319
424 772
333 332
975 941
926 227
803 628
769 676
981 657
52 187
125 603
610 765
682 798
367 514
687 611
428 646
416 70
234 949
132 130
501 748
997 488
123 471
52 985
346 698
458 336
208 695
138 654
892 385
984 372
687 822
815 757
590 309
965 560
483 372
563 18
236 108
184 431
979 492
687 935
467 192
773 714
978 588
124 98
752 97
145 341
364 351
149 645
352 383
4 408
558 803
409 232
685 484
430 150
70 137
607 434
6 673
923 275
130 183
286 433
642 441
366 643
44 387
818 342
432 485
305 105
141 451
127 814
699 441
558 108
266 788
281 823
642 219
880 626
572 792
21 14
689 92
858 637
250 854
159 368
534 324
276 444
370 307
152 194
832 612
172 253
651 629
894 486
660 282
557 238
850 888
688 99
872 704
197 751
897 297
573 900
547 825
381 499
445 918
526 609
517 802
886 707
775 494
155 737
506 279
786 965
808 789
60 674
575 77
209 460
912 883
394 726
336 342
522 810
264 54
207 595
584 974
412 427
186 670
203 392
222 116
910 478
706 289
635 397
377 493
549 981
398 963
516 34
810 259
652 546
191 776
340 86
757 771
888 590
689 547
248 493
505 386
857 853
415 277
364 323
315 129
83 413
102 331
139 5
700 20
461 552
922 10
999 40
34 309
31 234
605 145
607 551
679 922
305 149
89 782
664 620
591 83
372 155
279 633
361 398
10 273
436 632
298 633
759 885
546 451
983 890
988 940
965 295
797 754
870 392
35 818
860 150
129 818
721 952
731 227
509 721
310 228
685 686
265 163
998 447
565 872
34 992
290 342
256 298
388 831
760 512
967 981
803 524
678 648
50 708
764 79
820 201
967 874
273 890
899 730
162 10
185 342
123 46
730 250
514 959
548 943
697 499
282 619
139 942
962 520
566 543
353 406
575 327
632 903
326 419
277 677
903 817
621 150
269 1
329 366
566 804
667 402
680 883
688 919
283 365
545 626
396 132
606 133
75 975
520 848
951 715
610 459
975 193
44 549
562 422
831 774
957 711
830 687
945 135
81 89
896 589
184 931
3 425
206 160
983 568
486 240
70 499
474 536
145 968
718 319
814 786
564 929
177 511
128 773
680 466
677 106
349 804
907 45
664 870
976 968
668 822
650 281
245 905
410 766
788 399
431 953
146 699
440 484
775 272
134 152
86 865
47 638
858 105
74 952
237 156
383 499
668 506
887 230
742 559
412 56
281 714
755 400
173 965
515 976
301 759
549 570
208 716
642 382
531 144
92 810
18 69
679 312
645 248
60 328
614 995
317 87
239 922
735 97
772 253
904 909
905 468
505 88
732 745
666 651
297 292
309 849
425 503
196 574
278 51
697 867
6 340
101 871
27 844
925 811
639 251
969 459
884 731
314 656
171 889
623 158
852 400
525 86
763 567
361 667
73 111
20 577
718 633
679 973
684 569
153 135
724 202
980 316
693 773
620 875
987 767
642 69
405 25
279 560
253 255
325 274
989 299
738 621
187 209
279 673
599 669
747 406
287 763
530 392
494 363
786 685
822 714
403 135
34 953
698 400
848 269
965 44
8 708
66 326
746 484
932 849
367 924
460 82
781 840
548 769
274 138
592 913
555 39
242 278
338 921
686 915
564 287
144 674
942 211
611 284
374 170
437 608
22 694
412 290
995 923
433 614
179 70
397 3
880 457
668 336
973 848
978 954
489 140
622 585
572 358
794 209
892 727
175 682
45 819
283 706
946 62
913 847
532 919
900 595
615 870
301 474
231 921
178 359
774 667
956 346
250 786
409 9
84 653
50 813
602 520
619 385
966 758
471 204
811 563
667 567
391 911
492 972
382 328
954 73
257 495
901 974
25 891
742 216
894 487
551 514
127 535
790 701
251 279
655 608
155 403
716 594
309 36
822 418
220 641
646 941
47 720
506 472
121 828
18 908
323 152
371 832
736 47
809 310
556 954
314 445
55 305
650 51
419 794
708 924
657 678
358 797
237 100
42 82
31 349
997 442
47 935
801 135
431 452
142 905
180 196
520 377
333 546
156 770
912 643
571 902
952 132
881 34
539 420
903 959
868 312
289 969
930 711
364 15
669 682
875 413
994 101
779 829
26 307
144 842
1 759
218 887
37 145
676 712
444 245
782 789
766 959
880 211
274 596
675 736
567 950
975 157
443 36
314 265
905 863
434 737
395 587
382 59
723 93
942 185
836 964
374 911
306 423
510 223
824 753
646 589
478 889
564 974
67 686
799 97
505 573
760 69
689 127
926 380
961 803
894 644
625 941
651 615
780 993
603 270
74 35
30 430
437 194
275 283
521 535
135 517
210 444
252 10
783 542
369 357
955 506
190 277
121 984
803 702
492 613
620 125
424 989
481 796
833 551
787 402
975 789
726 133
138 914
251 103
643 691
293 374
103 296
363 510
934 449
593 321
316 936
639 642
17 269
787 225
807 802
804 548
516 112
369 899
69 450
964 990
2 413
330 62
238 671
496 266
494 801
406 507
924 380
619 892
66 532
785 34
126 412
39 53
224 388
408 715
525 160
231 195
213 359
879 823
681 482
985 758
849 768
595 356
886 293
211 111
487 426
823 268
480 92
961 515
391 160
704 95
668 384
571 332
150 939
116 39
334 410
748 275
125 303
508 409
89 873
630 664
392 780
319 467
316 592
931 213
262 177
244 773
376 874
712 964
380 818
492 788
203 715
270 220
100 337
745 156
765 65
200 263
275 311
99 539
546 198
251 692
677 944
938 428
190 305
63 13
307 631
109 319
695 472
351 262
872 55
800 692
982 172
713 681
553 924
492 472
165 462
366 321
514 102
759 314
788 633
902 954
94 463
310 664
169 788
497 391
703 211
338 901
834 30
119 8
820 93
554 385
592 212
702 25
520 555
946 471
948 185
342 920
632 418
272 978
353 433
333 891
482 23
430 303
422 812
967 508
515 647
974 138
347 931
136 280
411 142
231 257
412 765
586 272
201 886
837 468
93 288
19 581
97 805
773 724
946 136
255 28
791 16
153 868
176 515
675 555
508 872
235 224
733 353
771 92
274 924
3 230
866 834
323 581
523 640
269 663
201 33
438 822
529 803
970 887
527 72
941 54
410 398
361 436
270 926
35 55
519 281
236 253
922 357
944 501
141 703
918 985
30 137
909 698
533 254
367 72
594 508
685 979
337 109
279 902
622 470
141 865
664 242
630 941
634 892
347 787
470 178
385 512
152 309
172 968
376 723
216 616
68 649
952 284
533 321
938 275
795 678
613 915
560 353
962 141
321 307
837 859
697 72
275 158
743 949
542 288
380 393
990 726
351 24
395 575
528 825
490 956
588 53
648 226
423 524
355 170
13 784
493 712
938 855
297 101
498 734
526 118
655 278
516 72
554 135
313 787
614 799
904 938
248 612
247 622
486 738
827 546
693 492
924 670
406 419
979 351
247 543
106 913
198 65
389 683
42 757
45 818
121 52
598 550
800 489
527 622
849 840
727 811
486 95
892 950
417 676
128 561
55 238
19 940
225 199
44 381
210 917
762 422
374 928
430 886
419 227
147 303
150 369
963 510
547 255
723 414
357 164
429 343
970 589
996 461
580 789
390 66
509 858
789 120
862 838
21 494
632 211
975 621
389 266
263 353
86 716
33 304
696 624
272 828
518 217
354 652
30 391
677 840
825 957
185 94
920 999
171 95
670 183
907 675
525 880
933 687
401 470
795 642
902 858
262 709
449 450
801 21
432 656
143 66
994 574
655 39
948 83
200 795
352 866
217 120
117 735
230 982
411 40
236 321
269 138
570 687
958 270
961 250
339 698
820 299
714 786
861 577
588 831
934 791
995 775
636 531
620 488
516 179
679 545
331 447
39 838
577 443
376 292
676 188
698 721
473 674
718 660
757 178
794 172
643 803
45 790
126 323
438 847
993 4
116 750
867 575
335 253
16 179
913 699
275 862
525 118
10 465
892 646
695 577
490 153
241 274
177 465
367 418
314 26
902 363
98 949
564 894
360 308
529 533
343 405
914 969
360 797
888 234
160 763
376 51
134 35
816 982
10 21
926 31
733 527
789 781
190 282
925 221
86 859
18 411
474 233
147 197
691 896
229 833
459 196
51 470
584 703
274 211
630 550
522 893
375 473
450 816
566 610
588 238
19 221
421 145
506 410
649 118
851 194
173 880
691 719
621 114
56 342
809 888
949 284
812 885
869 612
886 233
292 923
835 701
531 340
313 843
118 950
601 408
622 518
571 752
992 555
204 683
923 191
796 935
563 84
966 115
301 392
595 359
575 773
923 300
227 619
847 389
776 538
323 761
733 62
16 845
274 859
867 680
637 350
245 708
309 760
180 773
288 963
642 238
980 504
193 986
953 620
898 311
918 818
298 603
153 372
11 114
694 213
785 655
897 117
916 215
521 673
977 423
579 375
816 99
90 840
586 629
12 419
449 973
96 489
793 309
878 386
626 746
335 698
358 617
794 905
906 207
351 257
423 180
171 167
771 442
809 553
354 406
66 2
963 784
971 269
8 407
742 700
854 90
360 906
769 1000
274 70
661 682
374 255
677 324
165 176
84 320
877 381
535 731
661 908
294 879
724 272
874 645
891 801
749 323
293 173
795 574
586 5
363 25
87 257
454 496
169 352
279 77
562 505
943 852
122 320
965 780
970 914
255 236
420 439
538 382
23 250
575 825
463 499
715 682
118 559
289 581
235 257
97 480
226 522
463 273
746 927
672 982
607 654
280 943
249 526
577 856
547 32
162 30
168 883
578 918
899 39
566 127
803 283
987 214
871 260
777 948
983 2
342 398
424 775
495 356
613 1
544 520
697 222
200 514
608 399
312 188
864 633
351 357
280 410
637 231
858 75
934 300
579 175
982 56
820 131
24 949
882 964
186 959
80 342
191 418
998 822
820 50
471 914
574 97
388 422
134 710
1000 662
360 629
532 605
610 845
727 837
273 557
815 238
84 356
198 164
827 692
701 211
627 404
5 716
154 278
728 175
946 218
732 719
313 220
420 245
919 13
157 998
751 949
127 100
349 42
973 944
97 467
248 323
102 418
17 589
239 822
607 447
296 857
478 609
540 484
838 982
433 32
349 460
390 759
49 16
241 175
896 567
145 517
955 20
3 483
81 903
392 886
824 857
491 532
621 361
918 779
261 74
383 305
343 496
37 785
497 544
578 843
337 63
250 964
859 862
383 864
955 355
483 947
559 877
821 676
176 330
966 287
609 740
846 251
388 951
704 672
637 206
911 261
18 436
758 666
707 32
265 21
393 40
241 56
752 594
933 686
788 167
557 542
359 834
53 207
534 886
630 731
777 3
961 302
917 340
150 123
658 262
255 514
915 397
223 55
60 556
80 306
887 89
709 873
47 790
381 820
585 121
317 44
464 544
818 723
592 300
749 822
226 102
445 456
709 907
69 492
37 14
437 868
430 973
631 890
912 306
877 470
973 963
351 563
763 403
639 300
966 20
331 527
885 108
5 962
373 184
1000 846
106 773
721 588
474 993
861 147
700 23
421 530
64 305
529 857
789 487
131 645
482 755
874 145
441 442
277 36
831 717
230 204
148 311
831 594
245 513
321 809
305 372
702 709
24 492
298 759
595 887
281 451
319 159
985 855
33 354
841 667
474 468
497 861
629 604
6 95
250 869
482 4
375 916
30 81
163 624
396 529
299 112
319 125
4 731
276 800
833 549
431 205
603 95
73 812
8 365
781 654
564 290
858 3
954 542
317 366
9 901
402 325
325 675
473 80
330 715
487 906
496 223
856 655
393 439
531 121
307 70
101 249
255 260
148 962
754 421
972 364
887 323
448 48
35 624
899 155
807 514
135 725
623 810
684 818
114 806
614 695
835 986
966 112
273 485
202 453
719 344
213 800
850 473
886 315
899 132
581 327
528 349
965 952
634 830
67 622
917 310
116 33
816 439
762 479
447 667
509 78
186 147
206 214
45 172
361 111
346 477
977 277
219 168
387 809
345 739
306 683
749 740
862 908
612 615
524 301
565 695
103 600
430 760
180 715
863 950
242 956
764 793
357 477
488 4
731 192
664 7
719 547
176 481
198 866
470 7
953 47
916 421
384 766
116 699
411 727
146 344
447 857
848 66
77 816
8 265
479 808
215 678
695 760
620 87
901 105
705 888
611 10
156 48
341 124
549 551
750 152
592 214
22 681
276 796
151 783
62 190
669 846
743 328
221 583
83 538
464 1000
985 186
707 16
934 205
140 322
134 36
363 139
201 884
409 359
464 790
174 929
801 649
224 293
112 280
24 842
791 18
403 853
691 230
31 905
892 829
917 616
996 919
123 838
162 603
774 744
954 495
558 229
110 876
689 842
528 456
16 252
714 495
555 801
3 390
794 391
157 581
512 636
317 607
491 555
242 623
645 731
724 939
104 596
656 315
201 219
859 708
609 509
148 239
777 729
371 30
662 952
101 137
840 55
239 31
132 699
579 338
61 713
507 351
419 517
834 700
527 731
945 765
985 568
968 810
200 436
332 177
560 404
830 441
731 93
312 189
393 156
359 857
723 163
169 997
160 224
434 451
971 296
165 369
523 599
818 605
891 113
912 666
569 245
455 488
97 756
521 19
692 245
565 353
406 327
778 336
913 406
216 85
288 354
108 35
865 632
810 299
278 269
265 301
689 682
84 212
602 649
571 714
454 66
990 16
884 563
45 671
470 536
710 147
162 925
139 439
691 194
822 616
163 317
257 800
865 203
921 329
322 914
911 516
917 765
224 172
352 81
997 559
45 978
921 12
340 754
676 116
737 98
372 131
750 984
953 570
440 611
556 369
719 935
760 44
267 134
182 55
241 585
148 131
441 383
115 80
225 528
927 891
166 213
220 749
974 38
704 674
747 516
670 42
34 984
81 467
858 189
604 937
206 629
432 658
604 600
401 357
370 263
765 587
243 908
460 343
722 894
961 478
485 889
36 518
952 135
386 757
369 779
925 684
268 753
715 88
678 44
700 748
758 350
902 676
248 583
368 220
320 31
139 757
736 663
511 43
960 189
67 855
561 247
692 926
309 830
936 72
700 417
672 706
909 171
433 242
415 422
842 158
861 146
917 672
690 474
231 958
277 554
519 701
266 933
175 727
257 46
422 800
495 874
996 653
297 829
727 559
695 13
400 562
898 337
757 821
195 247
423 97
289 878
30 440
384 70
926 29
416 454
133 855
854 739
67 239
506 597
707 113
294 298
484 908
503 96
216 546
760 627
834 902
69 907
363 610
401 321
865 996
419 904
683 183
721 376
260 396
544 287
318 158
670 435
496 208
351 82
89 571
446 173
166 173
995 71
62 274
688 685
329 385
166 316
317 160
378 958
507 542
993 477
938 700
957 112
728 104
71 262
585 946
235 249
727 772
442 437
448 854
432 323
509 363
82 255
68 318
474 629
456 472
275 892
538 58
779 316
180 775
487 645
128 874
951 26
185 623
846 372
535 157
654 895
694 312
306 729
492 896
663 456
976 573
828 694
793 671
285 861
573 742
171 362
119 592
604 220
931 308
825 793
573 855
958 991
917 906
671 318
251 841
837 578
932 938
313 94
941 548
397 734
952 259
20 339
702 339
879 558
322 7
730 952
868 830
53 149
221 819
829 564
354 404
281 794
601 909
640 351
513 711
475 604
484 590
141 976
892 267
595 95
968 715
364 940
702 28
904 83
981 75
199 2
905 335
445 414
503 392
549 792
952 814
537 832
518 813
687 910
139 684
973 534
852 190
728 68
411 304
471 898
697 975
274 520
331 633
938 547
795 470
193 632
804 948
308 863
978 647
316 354
193 745
343 539
969 88
1 478
679 969
224 129
131 847
261 772
478 538
335 183
410 282
230 427
451 426
976 619
262 374
444 525
380 627
629 832
685 46
686 249
541 371
305 290
142 253
498 341
319 613
894 463
16 554
468 929
202 781
561 194
45 433
587 846
343 204
716 554
128 3
487 601
204 278
258 922
530 674
986 480
894 681
552 938
293 600
769 703
55 926
543 37
270 537
237 124
801 255
899 534
536 892
804 3
925 342
181 710
312 779
900 116
441 617
541 358
912 554
147 699
131 350
75 173
238 747
520 14
652 571
544 148
339 784
782 914
184 547
343 21
23 58
335 452
637 836
593 842
335 117
173 378
247 649
945 370
510 84
334 422
4 626
125 162
956 453
29 998
797 967
107 681
642 212
223 827
903 223
346 402
257 483
408 113
101 172
436 792
23 71
493 434
995 878
992 383
242 882
320 1000
630 908
232 51
772 607
60 857
167 23
479 769
742 980
17 618
289 141
18 453
381 639
823 584
51 439
114 493
702 250
80 165
331 766
615 739
213 407
200 798
302 599
549 766
625 72
23 267
909 989
229 750
498 705
9 730
122 53
621 173
473 901
406 467
892 640
987 1000
706 595
986 717
130 273
256 40
645 686
219 553
564 387
800 409
505 389
16 392
182 549
110 40
776 402
939 846
33 843
325 35
993 25
852 468
780 89
374 528
602 831
953 891
951 384
419 51
221 227
64 674
550 902
664 625
572 842
704 370
7 505
410 453
362 986
399 627
629 824
854 919
323 973
548 306
608 13
326 704
534 357
497 962
497 467
278 551
690 543
747 242
474 466
24 29
498 492
851 592
618 461
822 211
742 715
309 4
440 461
722 287
137 403
446 231
67 238
638 667
53 15
418 412
792 145
405 642
320 658
366 298
15 455
315 398
789 605
539 365
380 460
992 646
87 567
145 212
327 228
587 432
914 160
832 313
866 594
50 474
507 529
575 544
300 662
856 94
834 94
791 602
663 221
188 35
527 562
735 703
520 804
463 24
84 995
366 717
645 724
461 711
244 233
157 528
893 708
140 924
788 592
456 473
755 543
44 172
538 59
116 35
372 85
139 220
603 979
840 319
822 371
756 5
789 362
168 636
22 267
225 381
45 170
690 289
653 427
712 889
399 599
550 829
423 365
153 377
392 762
694 274
250 907
785 652
147 407
578 945
785 797
988 828
445 759
228 249
926 126
533 440
243 853
90 105
315 808
433 945
397 598
366 325
556 781
542 456
66 1
621 305
380 353
539 578
692 108
640 719
56 390
94 322
961 389
579 978
908 644
123 446
71 54
716 169
790 672
152 776
762 952
235 809
198 191
844 325
245 240
304 750
70 901
877 267
45 697
942 313
601 505
933 410
207 165
652 374
763 605
430 124
948 761
952 764
420 434
993 464
463 508
391 371
908 95
213 741
880 878
720 979
75 716
249 177
889 144
957 599
262 375
598 875
215 54
646 521
663 677
443 334
10 359
319 499
211 909
328 926
456 211
614 108
979 737
551 533
57 305
974 420
341 617
507 337
824 525
487 799
825 820
533 107
954 912
612 660
713 623
733 628
918 686
51 557
428 277
570 851
309 237
129 543
300 539
379 121
255 922
455 196
869 374
781 724
153 833
289 450
368 325
189 361
684 980
60 506
242 501
265 883
14 31
754 408
368 35
792 645
443 595
154 23
28 207
532 734
252 941
14 598
203 371
166 325
667 416
652 564
321 748
495 668
991 379
154 112
999 860
395 946
857 835
804 350
53 846
827 919
350 256
153 836
746 589
545 686
328 510
827 772
809 369
421 635
26 109
254 488
71 751
463 321
84 650
662 33
375 766
103 303
470 534
418 949
917 477
176 850
975 331
337 59
409 814
672 868
215 198
642 836
625 900
824 698
474 511
993 106
662 498
611 519
929 257
512 279
452 426
237 940
484 27
546 10
548 588
826 362
534 555
750 47
833 606
741 125
155 630
326 402
447 230
855 229
588 480
695 540
647 536
744 62
644 417
26 888
668 319
530 312
682 143
886 999
777 401
565 210
91 599
538 118
22 599
523 706
199 965
221 653
94 165
131 189
95 244
888 886
705 64
341 276
786 387
402 504
385 897
635 368
629 997
378 779
307 269
849 910
524 738
727 997
636 670
231 218
676 293
179 839
456 704
271 548
964 308
553 920
35 87
317 606
780 90
434 354
487 274
93 951
19 972
905 979
653 309
415 198
327 237
770 499
111 727
521 943
97 301
873 348
676 770
708 426
200 933
664 784
917 98
96 338
461 102
997 948
319 152
581 151
747 597
436 532
742 840
154 737
980 821
68 815
105 127
110 230
773 500
663 800
360 101
747 883
566 213
74 831
971 519
937 763
321 919
364 676
990 624
756 626
522 918
189 689
751 825
142 359
263 773
324 885
916 593
42 194
960 577
942 977
174 575
862 892
445 42
568 6
332 991
813 796
467 416
254 902
572 389
347 858
946 270
178 228
269 59
922 807
950 494
333 13
434 973
92 529
273 329
934 902
22 204
353 251
170 979
634 92
269 797
917 593
752 236
442 435
28 580
288 761
864 344
862 311
679 807
956 168
851 66
859 137
362 29
344 512
999 30
914 756
222 545
594 409
706 882
926 7
952 579
621 917
771 914
370 403
776 892
897 826
881 869
823 94
755 828
622 704
21 64
769 472
909 657
604 47
141 743
257 298
439 966
395 356
915 925
458 784
510 553
900 264
422 703
224 658
977 52
794 610
814 609
485 277
823 749
775 270
778 62
621 671
302 690
485 600
164 695
458 468
55 858
48 908
722 462
480 941
182 934
933 214
660 626
43 528
62 268
840 930
692 131
785 112
514 558
18 865
455 692
407 945
728 70
587 189
990 202
169 356
61 334
301 351
748 392
272 107
291 217
421 582
297 456
830 738
376 798
374 558
927 332
13 316
681 338
899 295
884 879
908 47
948 792
399 660
440 987
828 374
633 154
742 468
444 527
118 594
391 16
676 930
647 761
805 514
819 691
295 500
462 95
324 68
177 266
970 594
957 824
335 580
194 632
102 849
451 91
270 701
971 784
54 20
94 961
720 528
466 900
485 184
603 333
181 159
739 669
665 290
923 918
983 640
855 83
180 345
220 554
494 57
423 199
968 956
454 731
163 666
39 55
612 459
223 252
981 666
379 120
622 164
695 680
423 805
924 846
797 248
198 870
105 536
415 853
566 447
137 193
958 53
541 243
502 913
730 188
630 413
868 258
212 302
928 87
213 211
216 169
948 154
472 83
825 465
311 554
296 611
853 35
288 357
36 707
245 211
992 632
663 151
114 794
922 799
80 662
658 885
808 154
739 354
409 241
687 130
247 651
31 878
892 860
612 807
3 537
649 735
500 37
463 467
600 139
267 332
395 147
947 414
948 845
805 964
275 841
280 753
119 982
250 639
659 943
76 811
239 489
405 71
888 770
193 955
750 991
73 367
516 687
41 713
409 813
238 586
124 686
766 69
879 302
845 842
537 41
480 726
727 397
618 68
158 35
551 568
115 450
668 884
225 646
517 521
320 793
229 199
124 483
416 300
989 717
829 920
720 613
25 520
209 283
543 714
584 313
358 900
532 57
277 668
461 389
670 203
218 138
56 97
517 188
739 996
830 397
192 609
530 313
846 699
290 70
156 123
912 761
948 207
250 98
336 307
323 399
202 164
238 939
352 982
264 140
672 25
265 725
715 93
277 650
790 551
796 186
66 923
329 379
883 956
188 426
634 214
528 599
841 400
342 679
53 816
773 535
79 816
494 873
102 499
799 555
819 489
235 30
160 550
81 46
438 977
827 757
387 373
631 660
136 563
654 469
876 285
418 645
588 617
405 377
710 924
69 44
733 469
681 682
19 975
758 904
699 863
305 142
1 181
220 63
498 141
10 429
708 260
176 957
693 744
784 316
641 325
858 331
461 916
500 846
31 390
805 683
811 930
799 582
558 365
738 980
409 698
215 90
343 1
20 100
208 268
889 506
997 4
111 165
980 822
392 446
15 291
732 343
368 962
220 611
387 225
186 319
719 587
722 285
456 577
65 550
201 535
815 761
989 834
995 285
283 276
228 436
565 19
267 752
513 760
830 941
475 629
441 709
706 203
873 586
436 328
338 810
855 607
680 577
753 61
41 393
494 557
62 273
9 875
430 277
107 15
696 171
400 280
203 429
866 231
842 118
231 283
861 928
455 723
925 128
247 557
859 688
567 754
930 967
74 37
410 145
340 480
767 411
903 605
631 632
465 625
796 979
177 133
305 968
322 934
314 886
79 42
27 647
582 183
838 205
839 540
715 530
610 292
404 859
867 687
483 994
300 212
597 538
233 271
261 489
676 911
384 263
556 421
327 834
680 473
20 794
777 673
888 156
337 234
634 896
998 225
676 877
755 940
85 749
495 478
703 773
782 536
206 662
924 581
530 716
507 405
289 218
402 162
830 363
902 148
371 578
517 143
7 560
265 81
907 750
268 880
746 838
743 911
462 990
354 258
579 839
191 437
618 995
293 485
320 269
925 736
14 1
184 300
352 926
777 313
687 794
100 576
357 173
50 365
363 254
162 272
308 661
852 842
65 360
757 851
409 363
784 809
846 382
911 576
127 79
74 89
263 23
700 501
830 528
272 323
936 3
573 210
79 921
979 167
965 920
715 673
296 753
334 329
686 34
831 565
918 241
831 688
585 30
823 12
58 390
831 513
561 485
893 968
81 894
92 169
177 264
974 59
261 436
478 970
462 463
335 583
658 451
167 782
817 349
195 65
698 40
811 891
402 261
693 371
587 976
994 818
464 509
856 783
243 59
394 472
697 225
298 124
685 512
636 466
226 650
557 582
946 659
527 402
821 241
74 598
476 838
612 42
706 51
602 448
397 346
259 265
756 841
902 557
271 755
598 124
247 838
69 610
108 392
571 992
473 829
455 373
888 860
649 770
853 34
213 835
737 585
437 779
576 969
23 454
201 680
278 259
2 351
238 295
852 221
288 446
974 552
539 29
387 280
634 405
908 238
627 107
940 543
830 671
754 545
796 539
685 742
893 168
853 432
850 191
813 457
465 347
488 900
719 508
219 788
606 640
993 845
392 714
564 864
283 775
837 340
613 175
625 954
298 540
940 99
710 637
968 108
290 104
738 874
210 467
194 972
530 882
512 489
786 648
659 618
260 614
77 1
567 471
831 360
190 352
1000 172
854 731
232 54
432 936
843 598
540 558
557 392
150 806
87 345
308 154
570 885
510 832
497 103
133 17
150 913
867 609
693 105
860 718
420 707
241 26
556 727
172 712
752 618
971 200
833 239
999 702
472 129
400 430
346 614
331 198
387 184
891 556
769 836
985 697
981 241
395 754
565 498
252 947
1 863
773 645
61 147
573 832
362 498
400 219
663 186
408 758
260 639
887 664
88 158
642 371
865 378
327 141
743 377
378 747
783 754
36 85
995 632
466 118
692 696
987 568
628 318
704 198
232 711
818 370
968 347
941 120
279 625
231 664
37 687
205 317
779 498
104 656
875 653
893 566
936 535
205 398
964 77
146 572
552 583
537 181
24 96
464 167
780 623
233 878
107 837
20 212
205 240
595 600
411 593
345 469
695 461
630 798
441 753
397 738
32 281
51 615
307 913
19 5
437 286
523 437
356 322
255 604
129 758
859 446
958 99
925 362
564 222
677 473
949 356
471 992
75 443
995 250
78 770
598 53
543 860
748 994
89 107
695 945
38 412
921 856
498 657
485 917
662 577
75 153
984 546
136 355
288 430
51 534
735 922
829 757
166 387
829 65
631 853
143 913
662 675
297 321
316 491
785 180
842 47
934 535
477 88
963 243
387 336
158 557
13 278
767 107
551 429
864 346
883 550
620 560
112 706
16 149
895 439
642 121
456 476
996 734
889 874
796 754
391 46
432 421
675 483
116 138
628 385
684 371
41 759
206 219
228 972
600 610
569 981
680 474
239 145
704 448
449 983
933 210
763 933
721 771
528 448
803 474
414 134
752 344
422 701
519 97
613 134
121 780
12 741
513 904
517 576
223 419
677 778
327 641
293 561
907 85
333 304
704 908
342 70
536 245
262 647
964 613
476 867
493 955
755 408
424 734
632 717
318 190
838 561
552 644
846 752
657 897
820 459
91 657
587 118
138 64
62 306
246 63
377 316
722 204
412 325
969 512
416 640
863 891
97 973
773 844
499 977
431 175
292 684
719 485
339 890
248 446
516 7
888 654
503 859
623 954
516 256
59 343
499 668
425 513
326 20
585 803
417 657
179 558
939 648
637 527
230 431
638 312
936 802
955 14
776 651
227 875
671 986
728 644
547 200
81 109
314 109
44 182
301 801
629 320
989 340
423 274
653 949
196 152
660 271
977 389
25 784
392 525
720 367
107 135
538 490
931 468
328 895
203 637
336 410
228 152
233 806
478 281
497 233
748 82
260 290
68 519
198 722
840 718
57 242
313 344
676 869
189 501
501 797
462 827
156 226
564 231
237 9
735 286
222 359
830 102
781 546
69 720
122 328
622 900
54 502
91 588
204 805
568 448
808 495
972 290
351 807
579 576
420 876
477 845
938 737
408 876
118 65
874 739
433 495
896 961
714 840
198 41
357 183
112 170
300 601
766 572
616 888
292 53
520 784
79 975
391 451
728 979
13 461
469 763
697 856
278 979
61 449
176 693
692 677
590 616
656 799
567 840
415 239
404 796
976 39
172 464
673 733
546 581
761 855
582 271
529 913
271 556
328 46
636 219
279 733
926 264
158 918
562 54
73 766
326 728
590 949
96 329
102 883
141 813
860 139
988 880
402 623
664 757
7 286
206 813
524 498
379 331
961 742
54 353
916 4
920 127
817 457
128 402
51 448
685 722
209 281
927 533
200 548
642 647
664 499
44 324
392 101
781 757
624 550
307 850
739 887
186 861
151 989
930 620
970 385
204 841
227 3
725 409
670 634
857 17
381 959
248 536
636 955
826 911
919 190
981 353
70 960
857 860
224 367
139 470
503 771
515 115
97 64
81 571
905 839
563 799
585 251
14 933
758 910
839 434
859 613
497 740
3 453
560 902
63 605
724 889
104 514
308 571
766 20
414 393
384 172
298 622
909 544
67 295
624 748
768 834
534 377
758 731
63 819
251 563
113 566
183 506
223 569
208 270
480 611
444 902
746 258
105 154
566 57
328 695
114 216
722 283
523 214
229 249
450 246
358 983
806 635
95 640
228 39
398 505
845 432
400 272
82 924
873 959
74 331
488 347
659 212
56 127
274 202
479 7
62 53
469 29
138 764
382 673
937 180
523 739
572 448
740 670
601 112
378 955
696 284
93 468
50 425
657 87
808 197
183 711
535 402
577 408
118 824
800 441
50 56
679 851
69 415
463 484
927 341
162 561
144 76
352 431
315 21
136 928
822 708
549 308
88 237
961 985
874 255
317 806
822 375
241 810
884 52
847 160
116 94
428 50
546 397
230 226
656 469
548 195
823 699
580 912
832 566
444 836
108 859
183 425
461 7
941 381
409 660
413 164
737 504
497 883
333 461
803 757
346 104
225 72
925 199
403 227
115 301
427 153
1000 229
393 25
786 608
183 542
556 890
996 113
389 468
1000 116
449 274
941 551
74 929
806 502
186 563
523 464
708 988
35 982
786 770
878 484
56 27
330 646
863 368
510 1000
994 737
226 855
1000 274
587 911
496 241
593 677
105 835
290 823
631 26
977 663
526 98
857 73
415 545
632 711
894 546
724 287
208 841
985 661
847 723
766 513
782 810
343 816
877 408
861 819
827 911
122 331
178 760
454 378
718 523
995 546
64 448
339 198
13 313
487 454
642 427
883 517
934 643
277 132
371 345
686 32
909 895
638 473
418 826
628 375
728 645
766 477
162 311
344 654
112 730
976 655
404 232
64 541
374 894
983 836
133 96
20 824
722 46
231 560
567 802
306 841
534 289
737 427
77 138
496 906
500 567
391 832
650 913
566 118
171 474
212 774
564 595
270 418
76 341
773 457
556 975
902 231
650 4
635 974
879 539
1000 193
254 402
52 286
946 830
798 807
216 543
470 404
878 17
460 218
482 382
464 285
375 489
859 420
751 882
454 453
645 33
242 414
202 756
925 337
605 829
38 74
77 560
429 711
66 771
951 838
213 432
238 637
350 91
501 213
122 26
675 768
69 497
490 582
18 817
311 596
772 218
272 437
583 8
434 1
52 624
181 472
862 65
356 854
813 515
425 834
727 989
970 46
97 202
282 108
54 984
675 719
888 282
616 777
68 492
175 584
785 268
576 558
457 851
629 13
244 45
887 837
634 682
624 387
758 624
149 990
723 57
412 925
871 209
435 853
257 117
186 85
974 234
63 905
49 235
34 129
641 495
805 742
914 989
775 28
188 666
393 742
600 714
927 865
180 538
368 842
194 560
650 454
137 745
548 505
851 552
980 366
911 258
20 161
242 81
284 366
74 918
788 174
994 583
935 749
996 9
512 184
735 492
916 714
169 971
338 946
320 425
195 635
243 871
173 772
9 995
981 925
907 790
97 554
938 928
939 505
709 995
759 964
160 480
395 750
491 510
794 760
530 95
562 662
13 189
711 42
454 17
278 291
425 813
49 617
343 779
532 862
257 612
40 116
709 662
411 511
749 661
606 38
349 7
847 312
45 782
727 854
340 318
554 532
439 58
667 863
671 895
893 571
126 218
642 403
699 366
700 157
396 492
228 654
770 932
505 603
898 184
3 452
645 925
723 469
103 335
569 959
276 491
621 883
727 267
31 272
327 633
916 170
789 932
501 927
738 780
760 812
487 345
471 345
121 886
160 610
893 208
911 497
894 667
988 677
660 183
719 940
440 466
976 772
723 925
449 644
30 491
158 316
752 859
859 102
947 562
195 313
577 364
952 476
664 464
103 791
542 465
428 689
878 457
111 474
702 155
777 32
115 278
568 155
511 689
242 422
834 162
928 35
32 104
87 562
937 187
709 967
360 692
161 549
736 875
94 133
62 487
448 55
486 723
912 390
251 442
839 213
183 593
870 693
981 260
736 480
417 937
325 224
22 192
904 761
744 208
763 436
213 603
396 13
89 549
115 541
537 569
738 138
867 498
390 567
796 558
926 901
645 735
438 861
889 255
755 705
32 754
498 14
970 856
679 944
975 489
443 200
707 647
120 43
140 872
987 439
422 838
629 886
46 646
529 600
381 13
953 628
20 805
498 299
199 287
567 81
52 485
803 359
517 573
664 159
741 479
985 549
416 504
489 726
509 651
938 405
650 97
682 208
33 97
308 173
4 678
868 933
515 208
56 173
609 775
226 741
797 16
981 883
431 278
769 631
184 209
612 49
815 508
733 126
29 311
143 307
610 974
203 108
47 215
213 59
397 388
952 837
611 456
648 94
136 434
73 421
655 261
473 855
537 842
240 70
761 420
82 80
504 955
382 956
681 43
865 454
589 67
316 26
709 733
891 662
586 360
714 165
349 222
302 76
268 100
749 605
984 274
982 813
126 131
421 979
940 709
675 64
816 507
248 13
144 638
31 148
180 882
974 796
736 145
737 200
907 242
727 493
430 573
604 408
702 821
461 89
153 344
586 429
802 887
250 936
513 200
743 541
788 454
937 900
898 386
741 354
524 456
469 343
327 577
792 48
955 460
650 434
744 297
926 339
800 523
85 639
158 229
403 254
703 423
891 443
102 518
530 559
533 674
95 731
902 887
618 544
105 627
103 936
108 598
125 592
143 113
683 100
790 628
549 627
108 741
863 343
422 155
575 419
9 966
602 463
341 25
274 418
838 303
756 852
830 247
69 623
514 748
382 766
769 893
554 253
57 579
701 378
667 310
61 27
1 834
341 379
880 451
739 392
562 691
781 147
253 740
14 258
724 655
700 293
956 927
340 436
936 83
562 405
145 723
697 862
586 616
166 683
585 221
287 141
344 589
20 520
274 776
663 486
187 41
407 548
77 196
474 567
236 954
741 595
408 345
462 12
379 766
768 713
439 868
63 904
492 966
953 428
881 478
133 602
639 146
454 392
347 122
129 803
621 944
141 956
415 297
555 462
739 701
521 626
498 85
