965 2399
301 694
912 331
414 410
556 359
314 22
632 442
689 959
559 540
191 155
637 183
693 522
287 226
206 907
339 700
765 723
487 283
767 228
54 666
935 775
183 34
472 426
100 854
728 140
714 867
308 443
543 869
530 763
303 831
487 50
787 207
130 387
960 804
667 168
942 482
432 561
783 758
211 453
213 868
419 583
22 842
922 185
47 950
891 737
711 792
842 781
754 667
866 618
189 726
68 248
698 787
95 668
614 530
302 798
928 473
861 544
237 187
91 720
133 198
849 374
237 601
100 245
688 782
124 294
76 385
165 517
441 703
557 665
615 582
412 565
786 189
200 381
2 313
243 257
295 912
638 193
197 773
606 469
258 94
29 55
106 884
179 13
197 918
95 225
81 133
957 892
585 226
547 567
35 586
436 222
818 360
375 297
119 828
127 54
718 751
590 288
921 852
683 853
960 777
733 354
689 110
619 166
824 296
346 948
917 699
555 200
520 118
460 140
137 119
835 360
927 845
750 21
340 118
348 649
684 197
725 927
466 137
450 207
622 265
950 223
194 543
619 159
930 308
772 695
482 335
466 939
571 321
20 118
717 696
114 258
938 430
58 864
237 707
532 437
710 255
746 429
94 226
294 351
251 179
575 780
255 948
119 238
322 930
257 468
9 411
259 214
763 366
748 557
346 252
347 528
147 623
706 642
391 43
360 48
490 226
958 942
81 394
449 827
319 559
241 697
439 481
116 274
546 156
578 372
905 28
834 343
302 684
340 28
480 476
884 712
416 859
313 103
299 539
582 332
566 138
894 519
680 911
698 370
347 823
788 795
722 396
299 485
800 340
148 73
834 430
609 124
213 472
580 398
85 611
858 293
507 683
770 889
744 793
675 556
290 648
239 160
81 767
387 799
708 505
340 179
268 688
650 731
135 457
386 144
478 538
799 713
365 561
685 157
724 837
945 763
583 183
180 141
463 380
454 489
31 460
949 585
343 494
823 928
57 116
99 273
546 858
306 259
844 775
631 609
3 820
873 907
13 562
783 50
184 533
665 233
497 431
552 734
452 15
625 510
21 868
745 753
926 862
505 899
625 832
309 888
75 39
403 105
723 198
482 63
687 355
304 771
892 73
715 650
784 407
142 774
499 538
399 732
403 144
467 175
491 769
457 69
727 958
528 272
234 202
127 517
628 30
387 882
634 510
321 265
763 734
254 455
769 545
882 417
310 158
901 617
460 609
579 323
377 530
1 638
715 544
438 137
556 49
405 48
544 350
764 647
450 881
625 819
510 271
419 643
403 701
186 823
241 503
67 779
68 762
677 367
430 148
244 366
462 918
837 767
656 773
396 430
293 231
406 901
794 546
691 44
909 872
90 714
930 920
368 362
629 179
655 916
952 250
609 431
363 491
753 517
727 829
637 44
948 842
533 31
662 509
278 284
837 62
17 659
518 874
235 731
626 863
25 215
120 211
949 950
472 38
27 335
905 414
191 226
858 496
624 920
220 93
557 685
466 24
605 11
698 456
828 302
92 17
239 695
55 586
611 557
907 864
622 218
474 337
410 171
427 941
360 738
622 69
236 77
751 803
507 191
328 240
642 635
756 590
739 271
943 724
233 181
803 692
96 235
424 296
885 784
101 374
358 685
789 47
477 829
841 416
241 460
333 52
871 217
284 600
640 277
401 231
937 866
939 355
429 295
805 808
115 190
545 470
51 934
933 583
934 181
224 209
405 831
150 935
545 906
305 621
395 377
325 445
911 583
67 65
431 928
347 676
495 882
573 931
446 553
674 90
417 885
589 514
384 406
137 508
860 251
754 424
293 60
818 230
635 407
499 614
950 593
79 217
891 913
136 797
715 428
773 510
390 509
673 759
9 261
953 464
668 87
500 39
125 236
641 115
642 940
610 226
129 714
837 4
948 57
179 819
398 30
206 591
573 95
721 62
799 88
533 876
823 525
170 223
477 204
563 94
429 105
838 207
586 141
589 715
383 171
402 13
554 670
170 497
153 95
227 842
188 415
782 845
894 651
768 422
880 155
4 547
61 516
726 117
196 605
164 614
802 768
544 329
227 478
393 682
384 35
317 862
774 719
115 11
642 857
373 622
887 339
212 473
530 505
732 861
699 396
366 248
902 953
444 52
616 541
652 659
451 327
52 561
830 896
138 495
683 810
929 875
212 258
929 750
141 197
235 246
854 105
617 386
277 842
351 258
541 313
838 174
126 731
948 666
879 950
539 725
23 427
959 261
356 379
94 4
497 880
186 934
888 533
5 637
961 863
230 218
490 836
609 112
42 787
576 66
429 743
428 958
175 873
72 6
473 803
645 227
149 142
482 706
341 758
534 879
603 178
141 794
825 108
410 272
303 357
667 117
99 448
596 807
583 185
289 562
179 144
405 468
441 495
314 103
437 490
143 247
387 331
527 200
894 453
325 507
865 928
207 396
905 448
728 786
521 255
804 111
846 294
367 619
338 444
158 958
32 30
324 641
42 350
179 462
665 482
882 691
610 513
775 625
818 212
268 680
178 743
2 626
427 438
29 811
433 504
942 61
56 44
883 832
404 772
503 694
541 251
198 829
639 907
406 4
848 688
122 164
928 95
692 232
181 946
483 739
742 637
104 748
304 329
124 842
307 964
164 272
829 599
280 87
532 695
882 310
849 937
846 606
542 553
544 344
139 924
771 962
572 219
612 191
155 470
410 82
412 319
808 919
390 515
962 128
216 87
197 27
713 882
774 823
917 839
647 116
714 673
818 345
747 197
586 304
363 533
8 616
905 580
134 300
547 250
270 887
947 723
918 887
774 8
210 879
892 835
325 78
10 598
299 450
148 18
677 297
593 631
230 84
341 648
911 562
164 728
184 555
837 846
106 900
605 819
825 371
332 216
923 676
473 764
923 121
765 148
947 49
622 184
111 6
956 801
169 401
371 310
462 227
797 665
819 734
91 122
809 65
507 490
952 333
497 144
744 175
580 352
807 113
498 369
761 487
961 552
543 600
625 176
275 267
170 40
641 731
113 671
628 917
114 774
722 307
188 590
924 539
528 750
58 430
393 489
508 322
517 792
661 421
324 316
126 175
809 34
560 66
815 449
102 761
195 636
791 402
778 104
891 20
391 559
929 140
16 862
899 94
388 396
52 817
491 838
899 495
718 34
902 669
245 379
283 495
843 672
458 398
111 456
649 511
814 578
102 175
889 152
674 465
676 477
382 399
316 476
890 508
29 576
49 767
929 133
797 410
806 952
145 887
112 750
187 930
920 964
813 810
76 430
675 857
30 271
236 45
916 372
492 156
848 951
245 959
232 701
123 808
877 308
901 446
888 424
707 227
172 432
265 376
802 740
509 17
753 584
41 385
904 460
431 842
214 955
662 584
186 528
479 320
225 347
806 294
311 118
40 813
837 597
839 700
21 205
423 52
663 58
801 279
697 179
18 91
474 252
159 863
522 501
157 835
547 455
752 685
142 136
776 940
172 205
565 29
244 830
112 96
882 486
79 868
134 382
121 892
955 527
261 711
443 300
853 318
196 44
435 461
353 84
464 433
173 321
929 25
462 636
382 564
293 658
381 46
282 677
688 821
49 569
963 806
656 846
881 401
522 222
888 445
135 353
391 44
452 593
514 33
164 528
256 134
665 187
773 629
904 167
155 511
873 312
633 535
266 355
932 828
244 319
134 895
873 457
213 355
360 233
475 552
636 465
579 800
463 401
250 590
418 786
98 449
136 169
688 955
291 458
162 303
284 744
256 157
367 716
584 481
783 254
149 132
209 823
109 525
292 199
352 629
479 233
282 695
413 629
838 373
309 511
298 864
761 264
796 428
622 433
656 15
36 339
427 726
878 472
193 613
232 115
911 327
588 464
533 134
368 56
51 915
912 607
680 715
535 727
955 333
942 794
763 382
855 492
69 417
362 707
456 570
185 535
730 246
387 611
923 238
923 920
820 33
767 303
490 281
792 488
424 797
171 693
261 246
778 637
599 88
291 217
99 746
544 621
893 630
634 727
106 277
108 49
336 559
689 355
448 586
250 714
130 612
259 239
760 712
446 771
214 524
124 55
236 230
43 500
546 261
641 63
109 438
147 434
97 396
444 106
300 807
422 246
781 37
708 605
316 533
485 708
949 154
3 861
702 482
795 883
559 449
726 594
312 543
696 695
750 644
109 286
41 473
705 575
761 458
302 863
853 597
841 712
932 68
777 592
962 899
43 399
673 458
424 884
514 100
18 842
841 627
336 586
65 186
379 748
732 611
222 837
938 538
889 899
49 305
69 611
624 8
163 844
497 125
405 791
686 376
69 953
682 349
421 439
620 370
412 656
196 536
127 96
695 839
313 573
339 423
395 770
487 551
183 931
421 47
333 787
267 332
358 869
142 790
72 441
110 796
439 74
84 170
940 250
245 279
635 364
696 622
573 704
188 12
91 302
593 43
294 608
62 331
910 704
728 363
230 936
853 608
161 432
605 159
310 878
829 609
445 888
501 75
601 398
585 536
469 429
366 636
701 423
290 928
371 166
154 407
29 67
112 309
259 381
740 213
246 522
265 684
430 604
159 358
824 264
861 722
705 539
117 322
951 910
307 803
717 852
152 127
746 299
395 30
884 960
173 450
939 388
734 711
270 301
589 181
528 397
909 373
433 79
362 63
141 623
936 301
630 726
700 320
762 3
670 790
70 962
396 881
18 220
203 88
114 373
594 350
541 539
176 459
860 112
74 711
715 863
644 207
274 590
341 860
540 594
283 494
434 667
93 950
602 952
791 910
295 229
499 908
207 327
380 440
401 658
571 151
827 602
954 846
323 371
206 254
172 32
619 796
341 451
14 652
453 84
950 871
384 799
430 943
195 335
909 620
291 579
255 169
913 567
426 25
464 348
482 535
678 300
706 240
945 681
434 399
349 769
590 910
670 478
566 286
805 381
381 400
419 687
940 609
618 749
124 796
431 640
141 763
509 342
942 681
923 569
764 70
586 581
736 373
241 7
169 802
297 643
118 613
780 613
800 590
290 930
883 768
455 619
205 267
187 188
525 364
488 418
197 432
164 933
433 535
590 295
774 832
168 543
228 44
28 590
548 290
272 621
330 540
402 897
632 584
683 353
415 720
472 442
21 287
405 944
725 811
135 363
180 827
83 67
799 90
219 657
509 544
739 839
43 402
631 13
481 158
906 796
730 949
830 797
928 281
504 931
856 440
485 154
810 489
115 437
150 756
593 779
598 845
747 712
6 934
921 954
265 223
139 47
432 51
342 479
759 863
251 620
454 217
458 20
573 739
98 664
390 881
634 326
657 178
72 504
348 666
866 430
538 620
668 723
247 869
693 725
783 249
570 256
236 327
492 12
862 407
702 342
582 475
195 871
427 386
40 751
196 943
177 715
433 611
826 200
522 193
173 393
362 450
716 84
774 43
388 882
685 644
814 370
580 273
708 752
103 356
416 363
435 108
467 780
781 481
409 947
876 827
737 557
539 684
544 139
374 583
674 857
343 833
414 580
316 50
952 928
220 678
170 488
818 258
380 489
492 243
516 368
244 809
902 568
175 453
841 313
551 355
352 917
758 214
549 782
571 497
866 719
905 454
404 303
32 854
52 665
200 290
515 214
534 86
424 886
296 640
670 849
195 489
180 339
933 886
600 20
817 518
675 726
657 455
549 241
634 810
418 459
536 90
10 244
198 175
267 466
551 162
274 138
649 865
962 626
482 735
102 156
122 125
423 183
148 871
275 345
39 208
938 52
561 397
709 887
822 340
733 135
698 411
169 130
346 362
394 472
158 369
507 838
843 405
956 236
190 171
582 114
341 373
348 64
954 611
674 441
52 50
841 600
576 700
6 18
926 821
319 740
250 288
735 104
181 8
848 507
211 457
9 159
643 98
39 634
850 418
317 116
134 842
358 149
433 415
413 342
162 45
110 794
679 31
440 695
220 449
939 242
172 329
262 613
384 345
824 396
255 739
806 241
938 380
656 897
637 381
786 592
142 193
383 913
44 484
814 693
284 960
244 895
273 676
664 862
6 552
495 475
713 124
97 681
811 878
285 902
34 272
128 736
454 456
497 288
46 286
780 869
564 10
503 462
278 242
658 51
330 159
712 589
587 104
862 840
441 236
351 751
614 771
797 663
393 881
78 705
731 500
767 190
605 15
54 352
147 318
775 885
357 651
947 209
713 246
715 928
368 507
940 638
170 922
726 78
563 298
68 30
696 962
384 117
153 468
333 174
704 526
735 953
770 714
864 835
524 931
205 173
832 231
227 40
321 51
674 76
141 179
291 337
168 548
939 391
68 5
473 793
218 905
147 728
926 388
927 672
326 462
697 554
756 473
650 945
890 61
873 3
468 734
964 699
808 659
522 624
574 294
765 390
215 382
134 670
504 537
947 546
695 161
91 735
386 891
117 142
796 178
686 386
103 111
203 700
352 716
41 522
800 292
180 209
142 89
935 412
3 450
871 646
382 694
933 345
297 36
654 790
695 613
954 673
296 801
775 461
652 633
583 83
144 501
717 307
767 536
137 218
789 90
520 170
459 630
723 933
100 410
46 800
433 151
91 258
608 936
663 57
848 785
864 17
939 945
563 687
16 8
735 433
663 430
44 881
56 671
689 823
617 274
633 622
802 526
490 98
471 452
301 517
177 116
86 174
269 604
661 229
591 612
390 496
174 427
86 852
470 578
309 704
863 51
132 388
870 926
180 595
180 392
825 674
56 150
438 415
334 950
10 613
134 786
800 789
655 153
397 68
809 585
755 78
771 725
315 394
81 3
343 344
625 879
926 884
397 411
788 893
697 365
111 264
795 709
45 884
157 389
688 93
50 464
20 114
918 543
763 474
714 138
294 448
670 560
190 799
897 619
496 742
374 731
748 871
352 624
485 130
461 852
160 375
346 248
628 940
655 929
954 305
26 550
372 206
448 380
249 637
145 263
171 771
83 536
585 324
699 297
539 726
814 767
764 107
821 156
629 201
62 613
791 878
945 58
156 762
378 141
17 337
734 742
848 272
599 534
581 562
72 628
680 115
441 203
183 271
240 142
550 578
686 791
375 146
527 204
757 28
668 796
944 834
21 306
900 926
544 897
373 437
709 42
451 310
547 372
382 777
185 484
905 702
484 438
548 255
783 481
71 40
610 487
406 770
902 712
835 160
51 4
58 872
2 13
662 466
756 489
591 871
885 208
614 438
210 501
214 800
417 181
40 621
352 57
336 419
227 1
725 258
672 295
567 558
420 85
706 538
231 21
565 282
218 631
240 680
641 232
225 68
529 140
196 152
839 619
554 323
754 500
813 530
333 573
32 40
164 198
24 199
235 730
181 959
95 729
563 520
270 255
352 531
956 348
7 676
12 561
732 352
704 705
365 614
618 267
270 25
207 582
268 100
148 194
794 75
933 259
2 720
831 82
936 846
534 137
684 542
868 664
10 573
335 33
4 933
761 307
559 96
709 691
361 400
881 55
518 783
608 801
734 169
306 690
387 680
651 26
384 864
605 729
487 950
839 857
399 304
440 703
633 656
322 597
548 36
698 450
359 450
742 827
817 923
75 361
739 214
336 30
523 258
909 187
108 562
128 266
519 572
188 876
338 193
105 45
124 287
915 614
256 57
241 96
582 518
18 413
500 480
122 414
820 553
713 100
234 474
328 198
843 338
38 239
439 242
776 686
564 99
896 846
39 68
401 947
118 893
374 38
835 560
628 192
605 357
773 191
759 330
523 863
231 903
656 887
15 673
533 36
629 16
683 533
892 216
863 329
386 501
867 321
230 894
448 657
215 352
252 750
279 292
118 884
873 480
323 963
824 469
438 847
224 199
477 439
940 687
762 306
219 3
662 94
917 206
294 228
460 244
406 471
245 181
33 475
70 960
217 396
290 919
755 687
807 862
560 911
633 335
473 135
564 113
126 507
661 314
422 118
133 332
248 688
451 584
929 677
839 94
29 553
80 589
243 907
119 185
410 303
588 813
402 214
800 293
877 457
698 486
516 766
259 782
776 270
940 367
870 530
338 387
102 582
841 931
1 910
867 9
522 27
227 422
66 888
569 553
324 619
847 439
281 61
520 263
959 179
745 168
474 613
702 606
5 65
707 657
504 434
182 728
269 919
186 886
393 554
835 415
842 58
453 406
828 678
939 38
540 421
427 202
753 907
63 824
37 638
151 624
743 76
229 145
140 300
802 43
822 357
400 193
143 907
555 289
835 635
375 327
130 572
190 471
759 694
134 640
428 536
549 879
330 352
174 209
158 700
825 197
639 377
288 105
343 347
835 493
943 185
819 954
197 423
571 947
438 947
904 509
706 482
899 889
480 84
920 376
629 561
868 863
55 758
485 233
590 723
298 345
269 787
398 291
364 407
409 747
620 283
731 594
755 635
243 194
902 802
213 465
844 674
93 604
908 556
89 47
97 721
159 940
751 710
721 44
594 306
81 397
229 797
255 797
643 588
403 454
919 267
408 923
560 381
912 918
124 148
289 329
458 29
740 651
688 806
395 516
365 926
561 617
309 513
364 231
458 774
280 238
797 130
260 418
454 815
593 210
739 322
267 553
236 243
476 642
810 174
23 335
697 430
673 512
437 378
607 935
630 749
796 311
679 529
191 303
175 540
571 676
310 806
721 570
439 582
124 543
2 232
646 416
704 423
502 50
732 512
403 533
461 492
864 534
692 149
320 639
559 841
412 716
606 795
620 828
403 316
280 252
878 353
715 897
628 553
810 1
865 653
544 520
814 823
285 593
791 747
866 853
229 462
537 203
824 674
272 697
827 297
649 428
643 840
929 377
767 329
330 76
648 735
451 443
1 922
278 809
465 374
746 564
780 560
910 579
234 189
149 633
424 323
193 26
67 343
116 456
234 204
380 163
143 875
845 860
679 213
259 403
943 421
12 22
841 717
410 623
132 229
672 509
889 166
329 657
404 324
8 442
564 390
339 584
263 387
512 576
628 575
867 437
855 172
474 123
398 265
588 585
835 713
920 340
748 749
953 857
329 348
545 321
630 713
920 696
523 404
178 171
236 578
276 150
613 870
355 695
465 352
543 304
926 72
941 709
481 672
119 760
853 755
87 325
306 739
255 370
697 863
628 693
442 829
386 222
741 269
584 850
499 617
418 751
811 422
946 643
634 337
568 294
616 956
810 82
757 361
282 196
247 378
583 843
395 114
805 349
351 935
794 276
526 274
875 675
110 492
613 950
579 250
229 482
203 651
865 396
759 509
173 581
423 359
505 13
750 687
509 707
919 560
7 393
963 34
105 334
571 920
695 491
315 141
99 127
28 161
586 329
321 540
947 909
146 958
718 246
226 391
43 458
558 170
559 898
640 365
557 221
567 260
517 639
424 834
59 533
907 188
434 957
933 399
95 660
921 437
850 501
318 397
928 449
621 23
894 399
307 115
271 674
273 394
274 280
717 516
764 52
659 525
750 3
571 244
204 99
409 432
263 335
288 499
182 655
129 484
849 898
829 737
316 449
356 962
231 214
768 2
94 716
700 447
884 652
30 908
853 663
675 852
110 385
881 163
240 53
38 504
296 828
278 545
83 737
179 266
662 411
302 172
125 258
162 268
48 235
249 43
945 518
715 750
666 322
26 616
765 452
367 27
593 616
249 210
909 762
548 398
534 786
331 468
482 645
567 761
287 587
54 793
202 516
338 379
603 39
752 859
52 924
74 827
699 69
165 726
224 382
866 933
727 550
318 621
300 8
801 387
70 776
39 504
387 757
138 910
927 504
805 92
517 360
814 592
351 153
515 418
869 539
673 352
793 721
517 820
259 908
152 380
621 732
219 522
539 264
786 790
789 507
573 404
745 42
209 531
730 203
677 27
255 99
230 632
407 798
801 855
951 733
695 904
310 48
651 667
737 543
554 191
814 389
276 730
750 38
185 366
942 884
652 60
428 489
139 211
896 897
754 697
261 716
727 116
909 113
123 399
40 486
78 456
462 502
944 81
673 629
276 126
615 531
134 441
141 884
441 733
595 82
246 205
446 334
340 386
52 404
695 418
319 840
166 514
777 420
302 393
878 139
825 432
717 55
420 393
497 521
573 648
334 132
106 850
146 339
76 958
586 292
125 327
180 729
715 791
438 172
775 807
957 576
652 856
138 245
564 188
52 517
114 244
5 318
178 930
870 461
29 675
674 312
441 145
19 914
600 128
158 663
487 146
765 133
696 313
258 898
942 247
925 877
133 862
414 730
626 771
506 561
444 182
652 371
158 266
455 395
424 485
653 151
710 391
432 767
198 742
395 965
40 789
521 732
884 288
616 19
409 622
881 622
746 596
721 562
494 508
960 501
616 631
506 541
515 917
889 787
789 836
126 250
648 306
504 160
334 292
924 393
376 474
696 803
288 784
589 349
94 83
693 788
819 713
731 379
143 596
183 118
439 317
802 664
200 443
459 560
634 398
300 65
254 375
198 336
422 441
100 35
65 455
925 14
855 845
216 85
426 468
292 700
13 314
68 270
141 59
821 254
418 246
482 494
389 866
284 806
543 330
819 392
896 21
809 226
259 193
373 872
122 168
840 221
714 33
185 451
668 440
387 888
819 797
605 137
749 212
367 214
919 5
134 221
543 910
680 286
220 564
591 551
885 459
354 175
156 921
567 932
509 444
533 346
914 405
869 274
924 406
691 59
766 284
822 71
533 613
475 543
208 882
786 652
62 252
720 199
910 597
273 624
934 965
399 821
959 8
681 298
114 383
166 281
206 463
388 214
62 478
324 459
130 211
276 54
27 431
564 254
590 573
848 340
919 620
60 90
244 420
924 537
279 615
319 65
