967 1050
336 241
313 317
140 815
722 214
841 821
839 376
651 189
225 963
638 484
615 668
812 348
800 349
187 515
496 551
506 767
387 346
279 837
928 314
10 458
901 674
643 833
935 775
387 885
19 226
958 74
13 157
410 704
235 692
647 521
343 231
92 563
235 7
146 510
539 116
454 316
688 228
649 643
900 526
740 218
92 674
442 868
802 217
121 87
675 510
707 408
229 964
427 4
149 501
839 545
516 15
278 406
698 133
748 499
395 691
580 835
620 762
722 616
207 46
861 815
26 844
792 116
291 920
317 466
488 34
90 794
325 326
83 551
859 761
669 469
743 623
143 36
16 848
450 397
886 317
575 136
595 810
629 749
491 807
79 280
271 418
159 233
273 79
367 259
616 395
321 206
197 941
626 529
519 496
376 386
792 886
5 444
414 368
277 308
43 932
124 651
68 648
941 890
3 680
498 291
727 462
918 39
790 741
908 523
171 437
308 165
128 785
488 635
243 85
633 938
266 328
436 823
92 100
713 238
872 791
72 107
539 857
2 500
540 424
696 24
411 136
100 450
841 102
264 882
165 350
324 650
301 716
317 167
359 64
351 174
821 631
753 936
801 453
286 241
408 856
574 582
477 32
594 233
697 847
278 75
117 163
384 445
530 714
501 943
893 946
297 372
745 77
705 592
314 329
198 894
418 544
2 886
38 960
402 543
907 335
769 491
619 595
51 949
491 519
366 786
886 685
737 951
817 874
389 690
507 473
420 209
660 663
474 2
202 224
947 948
321 863
544 857
659 188
447 841
458 391
656 451
938 966
378 457
607 347
245 927
940 574
616 806
479 638
337 398
610 922
233 896
1 748
812 642
108 909
546 488
541 116
710 575
124 802
287 794
937 957
235 750
361 882
147 540
850 222
373 446
860 920
69 932
512 416
57 382
490 397
392 10
363 630
735 470
194 182
344 685
471 335
318 772
83 129
484 161
529 420
901 419
865 962
133 388
343 10
234 689
193 821
956 54
68 742
517 851
739 402
662 130
898 515
62 112
768 877
928 932
703 616
496 51
657 66
229 616
921 727
528 934
239 470
560 216
369 230
22 772
518 107
661 946
426 582
288 877
335 127
527 79
943 683
255 377
152 310
110 375
148 942
362 610
317 561
357 63
385 118
634 965
392 822
56 310
480 152
517 178
283 851
204 710
667 432
608 523
930 934
791 898
542 638
141 500
156 524
556 34
846 125
114 44
129 250
800 82
120 527
323 949
432 545
544 912
714 660
262 812
599 289
372 261
870 12
324 756
208 525
315 786
486 577
384 801
291 687
620 59
787 813
229 530
673 272
455 257
88 516
797 898
582 597
950 188
825 885
141 255
201 940
757 339
324 938
325 714
433 37
362 368
857 403
235 822
113 351
408 301
750 865
262 49
875 877
374 415
56 607
672 129
641 283
821 713
124 905
443 442
509 544
333 379
550 404
566 18
478 374
894 280
244 411
244 762
275 929
847 482
677 331
267 328
336 301
634 829
584 543
482 45
120 280
543 56
197 33
608 61
768 578
840 729
864 507
118 698
879 467
617 296
26 666
577 538
768 685
230 941
131 158
12 550
627 120
502 100
820 488
333 663
284 507
965 54
291 295
157 523
247 274
171 269
947 370
706 302
381 616
840 803
911 739
395 901
188 297
369 600
563 622
341 510
786 29
657 675
231 770
733 425
544 414
319 14
781 415
239 48
808 666
194 445
481 386
630 916
883 95
545 173
368 131
634 778
777 696
24 772
561 474
89 480
515 281
525 136
59 845
670 615
431 611
22 446
657 155
197 353
779 456
321 23
360 149
738 721
272 65
848 122
616 647
185 751
951 96
648 859
529 79
745 449
698 665
369 658
54 642
866 851
737 188
473 445
429 467
357 588
273 804
690 230
505 950
468 859
964 824
482 644
362 960
7 221
348 806
334 80
216 697
44 559
392 749
639 754
813 920
176 4
165 779
543 528
69 440
599 585
208 65
407 284
791 815
904 399
400 20
810 791
433 795
736 509
738 428
956 837
906 625
362 453
803 780
282 820
357 619
286 127
714 428
231 370
232 682
599 332
399 907
962 726
182 934
602 762
723 481
91 508
708 863
347 477
739 168
60 353
248 946
172 736
221 441
212 801
794 809
423 727
432 929
949 196
530 934
719 615
55 577
319 414
800 65
756 279
467 771
674 767
417 910
510 841
120 784
179 34
898 726
594 659
739 179
653 563
14 931
447 104
205 500
130 164
394 297
918 638
25 394
616 99
124 260
890 59
206 208
750 812
817 480
469 219
952 377
956 930
371 185
254 869
274 146
377 213
219 425
517 780
393 112
311 350
606 346
20 598
184 391
603 536
426 723
809 99
912 215
710 308
721 120
446 634
475 715
544 452
237 674
226 421
591 816
244 942
461 224
205 930
424 450
308 747
830 43
233 706
769 72
78 544
825 879
777 24
115 788
711 87
18 686
659 771
451 399
826 117
780 705
452 128
76 493
523 63
562 206
211 234
565 67
26 959
189 12
154 30
745 286
779 728
354 302
172 822
657 119
450 375
138 478
502 472
331 34
493 931
193 819
295 356
23 355
509 653
55 90
761 923
252 348
706 869
145 860
15 16
341 557
33 468
144 177
345 29
223 710
848 592
547 406
716 173
799 659
503 928
390 511
776 447
701 214
616 830
949 232
41 261
461 350
32 446
360 859
939 61
311 582
543 683
852 505
720 714
538 314
847 308
247 363
52 95
249 903
244 349
553 669
954 222
190 336
332 171
61 942
455 939
791 205
691 254
60 600
782 683
437 142
171 297
143 887
195 471
637 115
223 275
252 215
296 92
103 359
119 194
220 8
38 3
780 638
743 273
19 64
906 822
944 77
548 619
234 357
354 198
849 457
741 715
770 936
266 179
390 693
357 942
79 139
723 716
716 560
856 136
763 223
370 926
867 682
442 53
217 382
526 211
889 554
482 542
480 461
960 859
237 656
412 648
83 152
51 857
42 765
841 476
24 22
918 179
149 594
784 50
136 14
207 87
770 331
832 242
253 176
507 510
862 230
935 660
845 822
150 922
947 550
890 570
880 392
625 929
832 7
235 762
86 741
223 226
690 466
779 879
145 795
613 733
413 528
607 105
644 262
846 382
149 22
24 230
696 368
205 954
38 578
113 214
100 523
56 902
235 367
69 828
723 811
264 909
711 111
217 868
784 649
29 67
568 219
690 270
365 588
537 967
397 286
309 740
1 211
312 802
249 629
595 320
205 639
767 874
728 532
727 756
854 537
804 476
796 798
673 855
675 490
723 689
579 254
863 665
765 770
371 99
464 323
664 758
161 779
227 216
367 251
462 549
487 161
6 779
532 360
2 438
545 817
169 668
789 870
596 934
260 163
875 367
959 84
544 510
689 664
870 421
722 615
804 796
746 324
872 535
613 601
481 240
527 149
721 350
826 348
413 619
373 493
85 159
571 644
322 496
209 829
275 224
947 716
644 833
264 79
648 260
87 883
316 222
662 311
187 56
894 116
706 788
415 538
66 522
706 119
47 673
48 904
626 451
602 89
496 748
458 959
670 492
641 332
749 299
890 599
134 751
269 879
182 847
250 613
480 199
183 28
286 337
793 635
387 615
328 283
961 670
935 710
656 625
811 53
714 165
179 273
816 69
747 811
725 822
367 803
429 753
873 227
500 394
961 964
859 589
758 819
812 818
456 659
157 359
35 371
243 279
362 669
382 626
250 659
64 163
842 754
518 264
675 79
467 786
334 426
254 303
486 936
751 546
773 57
50 555
453 265
104 876
8 693
632 790
958 188
173 924
299 65
367 425
431 292
283 255
546 581
845 351
509 250
109 374
134 452
252 420
291 303
919 574
161 849
490 568
790 265
961 199
952 674
518 588
130 773
32 130
810 841
416 902
611 335
62 718
602 179
606 130
326 74
786 49
178 807
432 68
511 822
705 371
721 758
871 71
306 105
387 349
797 569
3 826
520 36
890 940
385 152
186 470
391 416
207 98
346 791
660 1
464 898
377 620
378 287
559 651
532 705
854 690
21 573
625 377
130 338
577 103
468 943
607 288
406 641
64 668
673 331
319 946
214 703
312 68
916 156
943 647
866 738
462 207
756 676
953 54
826 857
942 395
510 27
81 275
98 314
596 504
702 564
76 153
214 485
943 353
455 292
376 654
258 429
122 942
306 243
564 722
162 485
637 837
150 501
806 691
252 708
473 269
590 243
611 407
488 139
421 807
186 457
927 945
540 2
676 631
294 727
614 728
44 331
494 786
82 808
860 710
966 204
117 371
784 838
270 778
608 79
665 102
953 275
19 68
930 500
917 816
571 865
450 67
319 194
79 947
962 879
488 198
510 57
203 332
186 396
695 722
238 811
79 856
690 556
382 565
304 542
868 648
471 552
908 582
935 274
916 901
911 9
492 195
346 240
744 420
587 364
929 48
323 403
191 850
311 125
597 66
289 676
734 811
430 705
697 421
549 539
117 358
325 321
340 495
757 728
840 612
53 30
898 893
701 327
18 963
342 902
839 147
231 667
737 688
385 14
135 871
776 681
427 90
92 83
687 169
299 178
711 573
796 381
946 796
712 89
96 950
307 672
688 6
298 391
724 162
401 160
911 181
640 662
938 530
490 188
254 938
676 188
261 833
865 288
231 904
921 369
965 325
218 143
818 483
880 106
640 52
56 37
654 409
288 486
354 109
604 498
417 777
542 410
604 184
121 407
