1000 9913
926 187
211 840
307 521
768 53
843 587
570 129
44 115
609 621
446 274
315 998
997 206
161 99
485 442
694 806
146 264
163 698
646 197
635 858
692 259
622 68
309 91
327 472
815 826
906 481
912 878
640 285
553 620
381 859
293 297
514 9
523 616
598 44
1000 363
870 737
958 872
398 172
184 376
297 63
616 283
531 755
786 109
114 94
808 461
458 202
957 244
143 249
118 48
691 408
435 214
899 167
937 120
487 327
395 580
269 851
73 243
36 961
734 248
909 164
491 829
112 438
756 539
448 1000
664 712
183 48
562 155
84 683
847 206
391 84
145 635
201 450
356 891
556 332
315 326
791 229
231 746
34 162
57 259
241 622
628 78
901 552
726 168
903 78
873 97
30 206
710 604
823 791
150 743
690 1000
267 953
15 303
769 479
440 467
929 145
12 851
642 758
590 288
795 712
717 875
501 485
275 232
511 594
459 255
847 54
446 459
950 555
919 536
811 499
100 842
670 442
85 250
501 448
86 173
734 521
200 800
700 937
415 223
856 753
895 542
401 239
18 84
863 60
494 561
227 470
710 417
69 551
514 724
715 125
735 118
717 551
407 59
654 232
890 341
499 615
550 419
17 182
571 523
18 649
448 270
835 128
192 188
675 569
123 980
549 208
953 959
738 139
278 46
985 844
638 432
178 338
417 650
650 968
558 209
997 543
329 541
250 576
606 829
187 81
889 879
301 169
328 25
861 401
898 157
63 627
766 54
488 831
828 589
868 610
996 575
779 19
708 395
102 942
125 7
842 625
752 310
663 637
160 528
920 10
479 929
264 558
444 932
216 743
68 776
161 186
128 429
313 103
149 457
670 101
157 46
621 521
180 497
76 779
797 126
484 943
639 997
877 816
844 191
846 981
5 27
796 314
483 17
247 88
490 831
489 896
720 4
152 624
998 771
919 429
227 101
835 712
212 279
838 583
734 372
790 698
188 264
959 525
193 166
507 578
36 739
598 310
1000 577
342 624
218 642
468 167
344 852
416 609
767 562
667 248
411 362
321 548
433 162
201 94
933 277
280 619
922 38
378 558
604 187
774 682
847 96
83 207
391 254
871 565
289 604
89 802
493 340
810 770
778 175
524 20
619 414
34 264
269 623
291 395
76 659
131 123
277 100
928 996
856 45
601 275
382 386
261 432
353 567
253 675
243 160
158 91
751 184
989 627
618 271
980 874
323 169
738 17
552 913
777 780
726 505
622 318
734 788
695 566
350 541
917 541
814 362
75 918
69 955
915 11
865 948
882 106
555 16
455 83
937 464
136 113
247 173
602 460
549 707
238 912
386 745
99 74
798 598
527 188
703 479
653 758
251 500
605 733
307 390
773 377
147 561
277 738
101 942
839 156
40 154
849 932
315 811
294 531
634 46
746 548
191 873
921 416
139 431
302 105
626 218
982 991
876 310
552 132
19 841
80 937
923 495
887 982
357 615
548 747
790 125
496 953
77 786
922 173
249 727
286 460
910 359
913 927
153 201
528 187
582 258
31 24
822 317
686 852
932 341
126 182
44 149
390 425
339 129
456 245
590 952
993 946
868 570
512 382
395 338
15 677
253 506
916 144
257 277
665 400
669 424
360 480
323 244
42 660
66 270
837 515
721 106
650 38
82 548
302 781
817 607
121 954
170 627
950 733
898 824
651 720
393 160
13 759
251 84
413 317
967 890
7 192
73 411
856 525
873 593
436 153
807 930
873 738
79 616
995 83
601 232
982 319
490 553
471 830
330 958
611 3
501 183
106 729
711 36
805 431
239 999
368 212
397 647
478 153
425 787
634 211
193 287
602 629
749 258
143 953
663 182
424 213
743 484
936 961
156 564
843 466
477 112
145 249
178 431
343 619
78 792
22 4
889 225
384 385
48 129
914 25
244 3
724 789
796 746
654 760
750 781
789 351
430 523
586 869
976 584
241 668
370 504
301 870
12 415
766 106
859 772
876 734
881 972
632 138
371 990
44 8
281 458
822 59
111 32
58 156
668 853
507 287
270 489
665 285
560 453
355 707
742 989
263 460
690 888
806 638
385 582
740 246
928 488
198 654
769 760
700 836
334 236
904 321
688 488
806 344
773 867
601 810
838 969
710 493
517 44
591 991
830 61
246 420
193 40
854 167
804 984
218 397
809 870
903 916
781 344
800 111
892 477
674 648
109 805
238 264
151 885
991 411
973 700
888 920
210 636
616 391
339 864
787 968
455 718
517 351
356 882
625 472
645 571
649 568
135 605
391 503
563 94
555 485
370 856
261 903
939 931
581 334
13 274
876 382
535 141
81 548
429 98
605 201
145 555
935 984
994 38
769 484
139 213
99 524
234 93
144 365
167 515
79 343
634 538
104 609
266 208
286 151
200 84
1 5
845 956
239 157
388 707
461 947
867 944
880 108
216 970
710 558
396 546
974 83
544 792
394 207
659 569
292 738
955 418
673 853
584 408
177 550
328 734
128 430
539 908
242 4
6 451
781 967
764 129
656 916
536 74
241 196
441 929
681 940
234 819
143 31
312 25
829 588
692 452
863 381
80 356
282 544
869 684
104 362
96 926
151 774
429 736
708 765
527 91
855 638
568 40
697 644
492 259
65 498
999 595
502 169
584 818
566 870
572 487
939 592
523 913
397 100
753 830
205 859
773 729
634 11
247 524
303 782
605 410
41 795
61 328
545 667
996 783
35 373
951 291
537 539
830 313
529 143
197 41
288 795
550 743
384 474
866 712
832 984
155 739
965 20
625 695
45 118
887 787
287 969
484 136
917 450
991 849
686 257
547 537
543 152
438 478
646 659
150 578
23 688
818 144
394 16
512 659
362 684
401 820
555 599
245 881
177 753
15 753
436 858
313 17
545 334
61 871
820 960
972 779
419 669
994 975
251 20
918 673
924 934
865 107
752 869
109 280
237 227
612 497
960 882
78 557
869 494
40 688
293 674
385 831
890 622
948 66
302 522
134 557
230 854
69 732
216 256
4 73
167 431
8 12
183 88
85 34
640 593
550 244
697 672
577 138
578 229
100 609
329 680
784 620
103 266
809 975
916 885
226 203
321 122
890 34
908 901
434 351
801 563
538 390
795 29
47 440
714 199
456 69
370 785
114 871
316 431
390 610
597 778
447 919
526 270
586 29
700 5
774 772
461 567
188 849
373 347
657 318
288 807
54 654
55 227
701 685
345 872
731 553
314 922
97 282
685 249
813 452
502 54
283 877
805 544
827 104
243 97
650 739
45 235
807 724
638 58
785 700
272 521
6 222
832 625
390 57
241 465
862 845
775 174
471 251
432 990
289 955
287 592
91 115
877 181
534 691
121 968
214 383
967 599
33 47
342 19
489 573
556 829
315 873
946 801
798 774
378 495
86 20
271 130
310 684
868 206
687 522
655 331
569 175
364 861
187 828
792 458
721 420
860 165
230 882
670 495
87 555
74 710
368 503
153 749
668 212
616 285
636 832
412 282
964 863
565 509
880 481
348 527
61 174
895 811
120 400
921 530
867 330
279 200
282 220
50 16
897 521
609 697
852 109
709 292
178 428
948 696
752 671
349 437
795 263
724 167
357 392
79 867
417 605
1 286
572 979
790 30
178 87
206 337
82 163
634 660
367 848
17 837
339 368
344 730
404 828
576 261
229 289
124 601
955 187
168 535
564 833
450 417
430 635
24 502
447 476
286 90
489 366
132 612
336 471
618 309
910 911
967 682
896 41
458 886
617 251
691 796
121 996
765 403
858 247
87 139
556 914
963 912
838 812
482 986
531 820
143 58
806 462
347 407
683 17
385 758
74 252
742 572
195 715
531 933
808 766
430 106
863 280
242 338
847 687
892 248
785 689
661 667
222 291
242 75
374 238
122 895
229 697
912 731
181 518
536 555
683 844
338 695
174 689
86 397
288 308
390 889
942 698
502 253
196 952
821 583
383 170
790 510
459 650
244 940
305 736
586 371
291 853
420 55
63 115
829 205
616 678
885 51
545 766
782 765
92 671
75 587
993 460
225 58
202 307
745 675
121 249
954 465
349 409
331 690
560 632
577 702
192 65
168 469
741 536
750 49
837 838
267 27
469 913
898 155
629 883
131 632
153 464
941 87
181 482
441 333
315 356
281 308
907 88
841 812
2 614
629 917
134 107
836 81
730 764
802 193
737 508
251 15
829 503
833 765
501 517
986 277
238 446
422 219
302 371
100 443
355 318
168 995
547 764
897 413
954 742
938 291
665 617
133 963
602 212
347 499
384 615
630 750
955 752
207 843
902 793
137 145
446 485
963 797
56 52
809 679
955 865
924 144
344 282
199 100
564 46
775 783
570 607
734 378
958 53
23 11
703 421
464 994
31 716
730 453
757 735
161 966
390 869
815 76
268 257
59 396
866 116
848 535
465 949
482 781
725 191
875 238
269 937
930 997
528 787
365 704
169 161
779 996
167 410
175 451
931 673
733 373
560 661
776 594
639 127
607 477
25 479
279 470
799 271
568 835
789 293
729 775
245 685
173 64
50 909
876 513
788 739
662 140
962 682
603 676
305 345
970 605
758 660
779 49
380 874
366 813
168 753
940 4
617 913
279 922
441 75
480 559
394 371
972 772
612 355
495 361
423 252
81 493
635 962
781 491
677 809
916 323
450 573
523 822
401 375
773 215
317 315
929 953
14 197
91 978
809 783
60 515
446 272
655 68
677 412
649 187
8 13
818 546
428 922
820 436
108 390
570 671
277 895
481 284
959 547
682 349
363 208
992 640
700 689
740 594
889 376
264 501
139 707
213 830
511 57
309 721
562 257
156 722
558 813
250 856
28 532
529 217
897 605
697 867
183 952
297 557
784 126
227 940
157 797
378 576
609 196
330 431
24 590
687 489
836 981
362 92
784 730
845 609
116 99
335 283
375 758
548 176
785 546
148 294
3 637
388 757
563 60
867 890
395 455
550 893
628 117
242 792
538 797
353 593
337 52
581 857
893 87
196 249
197 576
950 6
312 406
111 14
8 911
814 561
106 55
752 932
788 1
825 856
741 4
276 160
673 796
216 673
597 954
270 386
437 403
576 177
469 116
1000 33
29 41
780 679
893 298
164 784
858 581
312 99
720 160
612 406
685 606
584 655
837 803
184 29
132 197
725 322
625 385
187 831
958 472
76 357
27 814
311 662
467 957
353 388
80 444
43 704
27 199
908 580
783 260
165 125
829 454
412 650
92 918
809 42
791 910
593 899
47 494
485 647
732 678
930 954
478 302
460 781
782 742
896 849
897 520
183 879
253 713
334 745
713 55
638 411
714 75
643 77
481 228
858 926
213 677
608 841
917 295
330 451
462 252
852 332
768 569
934 313
955 77
295 548
794 855
794 453
827 119
556 335
595 147
10 295
102 897
256 107
3 742
887 251
88 388
564 753
103 553
533 58
510 565
242 911
261 263
235 961
517 598
115 340
78 328
750 318
344 531
406 878
393 113
885 145
397 553
21 601
959 167
123 79
820 223
473 44
717 881
686 980
285 965
458 267
313 516
175 731
83 922
579 993
28 105
835 395
85 104
583 793
496 185
566 745
919 507
260 148
833 126
100 939
140 450
18 994
537 882
682 397
666 534
518 543
619 986
875 372
195 774
658 146
968 466
352 727
540 136
563 51
286 846
717 898
625 478
334 56
719 444
562 457
969 473
71 393
764 693
225 57
923 312
758 892
707 762
870 794
569 961
767 230
469 815
328 141
736 282
621 243
701 724
136 820
180 777
185 629
663 664
667 605
46 650
563 540
343 476
825 581
438 496
43 384
617 811
90 941
147 414
684 399
381 363
404 75
902 109
25 943
928 552
638 813
881 712
698 398
403 230
983 483
751 903
536 76
186 589
71 230
856 937
858 123
731 507
939 551
351 410
910 309
549 603
234 832
223 220
62 218
299 644
175 614
122 801
951 308
322 319
160 78
915 462
293 494
652 811
709 790
526 244
29 420
757 570
596 632
243 976
105 983
160 521
145 56
322 536
95 308
260 799
409 451
654 203
548 436
885 562
554 807
518 906
705 177
321 794
526 385
343 975
568 759
435 384
790 266
757 205
62 737
466 278
446 768
178 482
804 434
623 960
650 792
562 124
871 458
912 19
434 715
24 627
814 485
598 753
7 801
513 433
628 380
422 791
997 641
746 269
343 371
54 962
262 255
764 739
232 404
713 604
134 620
916 570
292 686
390 83
909 685
881 906
94 969
572 617
9 231
724 668
817 342
586 669
932 609
702 539
727 188
604 809
146 657
898 672
721 3
394 451
712 346
185 446
976 95
298 103
404 280
180 71
588 740
420 726
238 181
516 345
632 640
445 869
462 829
873 634
647 594
142 46
645 189
459 998
186 818
359 36
444 364
373 178
18 923
679 466
726 256
491 884
507 611
71 162
529 446
326 116
348 724
781 816
540 218
429 885
303 812
141 129
509 455
476 304
386 40
706 609
912 224
124 849
680 235
664 684
280 761
542 753
46 480
430 899
658 670
59 87
461 791
908 346
522 924
36 365
935 627
669 865
561 58
780 796
842 549
3 353
974 30
577 816
608 676
210 315
929 431
20 72
793 328
402 53
745 71
52 473
894 352
241 416
355 680
953 3
574 717
385 639
388 842
996 167
778 510
208 413
366 801
57 167
276 903
904 424
423 880
602 141
787 501
867 680
699 705
151 618
436 708
601 979
433 833
130 931
518 325
494 430
670 493
160 118
566 514
805 330
947 726
237 376
240 164
799 876
66 864
877 168
586 768
130 709
149 995
792 746
633 572
834 381
446 623
48 959
285 691
804 645
515 714
378 154
166 414
299 891
268 458
681 103
844 533
684 834
166 489
723 924
886 440
591 987
123 972
116 87
684 977
244 872
64 414
202 616
537 423
582 48
418 669
19 870
664 716
933 547
173 118
546 752
845 516
85 939
846 359
823 574
676 994
314 47
210 140
882 656
367 624
486 289
988 931
276 103
8 989
426 436
723 310
851 493
655 549
656 653
599 438
343 25
825 778
189 883
542 169
428 505
824 462
396 799
436 796
147 355
204 336
955 520
360 110
967 565
324 713
971 55
627 432
935 91
811 201
351 272
78 504
873 784
94 170
492 531
420 671
578 359
816 688
927 644
125 532
915 68
99 240
762 619
322 216
804 624
750 136
753 164
113 197
520 259
316 958
562 898
105 873
127 492
477 749
596 613
812 874
136 411
619 588
584 793
514 720
951 901
808 429
667 498
939 617
191 716
868 661
857 992
880 15
683 620
814 502
530 71
799 614
329 232
537 915
683 520
245 4
999 159
636 699
878 872
991 715
870 904
961 620
908 173
693 897
486 897
767 16
440 857
278 925
980 303
139 377
732 856
733 49
201 128
438 215
3 406
900 936
44 314
82 133
590 126
727 599
709 56
962 388
426 630
281 137
64 567
194 762
139 39
931 195
200 87
314 195
390 116
759 964
448 145
290 427
681 842
974 449
152 440
635 587
427 14
154 714
177 603
380 38
176 625
555 266
276 857
601 760
29 127
450 212
147 236
595 622
670 248
752 715
247 291
887 247
542 310
636 53
708 986
213 484
894 997
493 948
683 140
94 713
725 377
929 780
626 462
147 827
332 325
904 94
152 995
890 299
265 846
826 879
477 753
782 677
359 749
530 27
640 999
844 383
283 425
50 500
678 242
95 324
904 779
891 685
984 505
343 974
805 245
538 464
331 626
390 901
306 172
571 408
819 381
650 793
282 389
600 184
653 146
893 525
783 819
4 864
185 694
849 751
42 447
154 251
908 32
624 413
608 882
187 113
614 312
393 530
619 402
306 609
126 178
831 521
745 328
121 614
267 150
983 700
471 174
440 706
194 678
23 717
392 677
875 586
950 56
73 596
889 730
410 805
345 628
876 944
536 395
365 27
60 985
256 370
593 63
466 671
161 459
414 903
308 142
9 239
651 680
47 547
854 401
530 443
641 753
130 813
815 558
691 628
569 144
915 124
352 852
60 541
783 189
506 599
665 790
672 246
368 93
505 148
341 262
549 801
321 43
282 852
356 837
503 534
596 728
37 238
420 250
849 920
948 240
386 524
194 670
810 561
117 1
428 998
624 219
970 955
996 959
614 506
317 560
807 783
724 830
718 420
993 123
300 773
943 605
987 581
608 798
20 644
209 407
824 870
896 435
571 243
370 464
208 507
333 201
447 340
488 795
361 19
768 893
966 624
664 830
521 432
957 851
836 4
545 799
811 824
472 734
897 313
223 595
918 721
189 735
263 484
584 467
569 555
806 598
313 163
976 173
828 615
25 535
65 962
962 368
449 291
485 421
623 131
290 693
110 50
493 90
367 566
228 360
618 912
51 305
568 133
626 391
476 802
222 330
591 967
540 891
423 593
62 147
299 719
139 946
52 909
79 628
173 655
430 262
164 470
19 429
536 577
981 463
338 609
190 646
766 865
821 608
960 396
430 480
629 344
353 213
864 872
192 85
571 595
476 277
258 64
242 161
705 489
580 643
118 838
818 8
303 688
457 224
444 490
463 446
657 287
990 421
111 925
407 583
819 575
903 167
284 789
727 547
234 244
806 950
239 133
24 330
617 845
859 792
723 313
655 548
233 965
305 535
159 469
348 434
375 810
688 63
906 74
727 246
750 333
829 834
725 913
212 836
358 974
460 58
812 295
302 813
52 220
878 96
370 662
310 540
147 165
578 356
603 219
111 480
842 60
319 900
205 167
748 587
199 125
700 934
39 724
21 825
193 44
510 748
303 163
251 338
201 617
790 659
517 441
283 95
359 712
30 824
43 107
790 514
187 571
904 897
45 569
961 208
748 248
584 873
364 241
438 616
848 558
387 442
771 448
286 631
27 880
945 469
213 613
605 291
515 967
343 779
580 743
766 718
895 46
538 159
546 674
874 343
858 880
965 60
141 426
783 847
535 254
79 162
965 205
121 585
710 659
252 501
76 763
96 153
741 743
542 1000
626 59
58 205
774 271
172 181
979 17
30 47
927 807
859 917
897 240
389 436
724 745
671 290
940 682
363 911
879 79
42 360
404 279
190 288
998 587
871 731
401 511
76 191
649 337
247 319
526 553
229 919
500 146
590 432
665 543
995 288
190 2
925 469
342 201
707 261
817 837
981 95
428 945
251 382
35 829
880 334
934 111
265 532
986 630
715 28
807 580
886 199
944 890
65 359
529 464
515 773
473 970
240 971
848 888
35 54
170 554
77 618
321 654
729 313
657 52
658 775
805 244
473 635
23 155
351 638
429 160
649 681
999 19
656 251
163 413
227 770
681 595
620 385
729 580
713 79
348 54
724 841
664 948
263 76
183 296
819 996
34 372
508 291
577 810
337 205
324 477
479 627
501 983
599 770
896 101
95 547
205 223
427 109
764 818
603 500
487 865
271 916
384 908
845 15
115 270
557 411
394 983
356 44
363 760
560 272
78 76
268 781
986 22
976 480
815 553
669 685
131 152
900 233
976 383
705 855
599 311
621 411
972 203
369 794
942 535
445 69
749 503
421 44
938 838
297 86
770 516
744 649
30 880
383 158
130 366
916 881
214 433
44 808
524 610
362 391
969 693
244 832
715 407
481 499
853 267
106 896
714 195
444 11
535 291
211 71
429 132
896 743
783 737
808 19
827 785
478 595
429 21
909 779
639 28
624 299
54 642
885 188
944 674
447 625
793 619
953 724
48 198
305 233
125 488
676 968
471 220
309 737
625 800
241 747
706 744
914 980
989 432
862 934
375 861
220 738
917 196
367 125
404 489
647 95
64 798
618 477
855 408
802 4
779 458
461 345
355 682
574 494
795 738
152 352
532 195
879 244
517 785
156 175
468 617
693 112
867 391
365 31
938 137
523 529
503 177
96 537
869 736
123 386
86 266
92 883
553 743
994 275
972 843
575 338
597 246
230 961
76 144
529 382
285 512
914 176
66 417
613 636
122 57
770 531
39 998
460 697
340 103
786 265
74 55
538 486
848 722
502 439
841 367
236 359
537 550
408 622
448 895
710 123
658 990
183 921
939 971
499 106
975 144
430 818
468 481
605 224
219 941
382 43
989 65
183 14
165 527
573 386
921 161
979 983
357 791
141 534
128 923
606 730
721 636
560 958
723 474
104 131
466 145
619 349
200 61
110 544
715 846
51 444
244 302
893 903
508 523
471 81
119 579
263 293
876 874
662 405
404 397
371 850
516 612
210 428
104 951
621 910
586 186
626 996
656 941
398 342
181 78
604 368
583 615
985 748
566 339
695 629
755 278
133 124
869 290
29 187
838 947
342 162
180 57
143 439
189 305
20 418
994 725
156 34
285 962
956 579
659 77
790 801
445 28
268 571
588 108
554 44
389 565
321 903
503 443
844 341
38 484
477 796
867 140
32 845
718 801
979 439
931 568
622 529
933 490
718 848
40 87
41 802
204 730
780 275
675 575
164 56
827 1000
166 666
79 911
766 719
641 620
805 817
735 560
480 108
463 413
528 474
712 647
984 684
513 426
309 519
519 660
650 581
871 129
840 299
215 445
914 890
936 990
387 902
334 815
729 777
408 6
138 403
490 972
801 378
439 987
975 645
446 665
85 755
746 223
640 224
141 877
872 265
963 82
376 600
450 163
837 565
417 42
717 95
497 196
265 206
254 680
601 588
424 937
242 144
858 70
53 152
207 855
482 338
69 850
91 970
523 601
377 745
768 384
473 190
255 148
95 19
332 327
613 722
762 764
619 669
52 838
645 215
944 851
869 905
281 419
14 446
142 371
863 175
956 771
48 498
446 549
424 3
79 845
575 584
692 629
106 941
414 129
71 473
93 161
278 93
908 252
66 763
657 452
715 714
117 455
537 542
611 909
408 422
447 975
710 67
434 710
509 258
20 627
865 42
352 67
741 983
118 574
340 748
733 19
182 283
590 644
405 40
387 597
157 599
340 595
287 948
418 933
883 299
576 321
353 728
906 862
871 826
766 84
591 139
168 723
703 589
794 683
633 385
997 864
564 773
381 155
807 483
185 880
403 804
836 433
485 173
747 534
87 105
234 495
418 246
661 170
60 987
370 31
103 707
826 346
940 294
266 309
638 735
238 201
564 377
17 522
990 567
920 697
852 700
168 927
545 28
363 537
365 203
28 124
97 661
242 406
652 891
85 188
38 66
791 640
756 851
687 851
359 642
161 629
145 136
74 318
221 701
277 891
593 522
558 740
815 255
601 7
4 340
870 741
869 830
340 76
435 368
538 387
634 40
299 70
718 648
331 528
919 115
211 70
84 952
340 290
431 676
480 768
11 751
677 668
895 481
511 488
998 710
600 261
380 565
474 574
515 316
924 523
370 639
371 170
103 291
635 729
182 150
332 519
426 588
406 994
340 998
860 237
127 574
410 660
565 576
699 774
299 244
923 990
194 962
447 52
569 758
343 231
938 453
918 727
261 176
191 51
161 100
414 854
199 217
161 469
552 770
341 228
177 835
986 235
159 823
401 343
844 253
954 525
77 746
688 593
263 789
258 40
34 575
384 347
868 346
779 303
866 467
921 842
729 37
830 110
325 978
142 184
227 304
105 940
127 299
809 46
944 771
66 513
182 647
754 658
297 339
649 518
10 796
692 620
914 482
753 586
60 464
699 265
607 384
351 710
722 523
562 3
171 961
617 529
380 601
642 26
727 575
698 805
738 546
704 510
335 912
79 638
881 966
272 618
6 191
478 904
971 725
909 588
470 155
346 157
95 634
849 947
371 706
361 11
192 887
933 738
91 195
76 149
544 591
977 350
929 27
754 624
94 561
989 855
460 139
172 535
199 238
19 124
459 69
869 690
468 765
784 97
677 463
713 926
592 606
627 576
541 176
999 724
321 21
69 671
565 314
956 649
334 781
632 921
303 18
730 490
416 894
625 240
737 542
165 29
645 259
758 436
990 114
139 702
286 803
182 752
143 618
771 437
395 921
359 424
624 7
652 41
606 123
934 946
166 520
321 593
359 57
876 229
624 150
805 175
697 814
442 585
171 783
353 96
740 884
75 359
131 455
413 710
418 700
936 161
851 78
944 668
654 559
195 19
310 481
148 388
762 494
35 10
721 607
409 833
104 615
161 157
563 608
988 19
555 720
103 504
180 555
806 803
819 874
354 866
962 613
48 493
993 322
480 536
335 650
364 96
470 167
385 523
794 921
416 367
299 71
536 80
792 250
8 681
601 622
630 876
184 106
275 149
960 923
9 65
675 774
843 886
420 525
636 167
484 692
801 350
334 656
388 434
599 386
433 543
577 160
445 400
122 15
443 990
866 158
979 485
299 823
340 41
288 452
680 838
585 975
507 697
537 620
593 856
979 195
62 741
581 411
469 749
538 334
478 629
705 471
28 700
158 631
675 683
476 996
610 364
349 504
225 202
279 493
519 763
940 844
667 908
945 34
270 879
197 821
314 115
940 995
138 293
291 257
607 783
242 753
388 685
741 281
399 845
541 935
431 777
513 192
931 369
813 340
661 56
833 803
744 386
82 281
95 557
759 602
225 743
65 586
119 443
393 979
621 597
949 238
641 213
882 131
115 272
764 163
802 448
128 319
581 147
43 940
7 521
341 207
752 746
241 107
541 86
553 632
471 973
847 890
34 556
367 652
722 653
155 308
418 857
856 679
284 80
213 118
878 376
91 582
721 451
34 467
963 538
165 675
511 966
434 537
635 498
818 686
801 580
540 870
469 318
791 865
151 6
210 574
796 217
143 930
827 565
41 232
888 581
73 370
838 471
768 252
184 672
593 836
245 505
289 748
32 596
895 108
163 298
454 351
725 837
75 534
271 564
443 42
939 993
326 933
699 349
355 584
115 914
390 646
712 704
508 611
571 135
166 909
225 327
917 480
98 958
745 297
290 12
770 258
84 265
132 767
405 813
210 311
375 531
232 259
547 972
125 200
76 396
314 361
479 593
936 607
474 115
20 59
422 755
994 471
194 882
730 634
57 58
60 879
189 589
617 146
411 767
259 547
170 138
454 578
330 628
534 774
459 88
514 654
53 320
97 933
796 488
284 180
801 262
514 857
239 945
574 13
320 938
761 522
373 976
433 551
105 770
751 639
535 674
316 244
805 440
711 29
861 592
493 556
111 11
317 798
72 735
205 797
757 784
719 712
889 392
546 955
49 753
785 197
395 553
550 327
121 231
571 453
408 415
61 507
652 130
196 262
947 454
628 257
149 904
617 528
508 947
783 997
534 21
560 944
392 770
949 610
825 556
272 476
461 190
497 611
868 630
297 959
357 247
674 283
73 640
371 935
443 498
962 542
817 257
655 545
965 409
290 387
935 369
113 694
774 177
428 501
253 582
859 59
568 766
611 797
851 719
191 109
358 973
533 295
369 484
521 487
9 219
892 16
622 249
347 493
169 925
77 828
946 767
291 796
466 714
146 503
649 20
962 117
69 781
878 321
844 113
791 602
223 116
190 839
605 892
108 436
753 41
971 126
203 456
98 254
5 338
208 610
943 508
593 125
535 710
757 978
630 320
888 927
598 290
250 148
607 176
131 21
795 42
154 350
692 978
495 731
353 246
62 718
211 144
518 744
822 944
450 535
365 871
62 857
155 541
267 307
699 276
455 890
975 67
764 196
524 104
936 960
371 101
103 362
822 508
642 878
348 371
206 81
536 208
137 590
825 697
368 828
155 894
228 792
5 115
569 700
896 156
237 982
644 404
336 425
561 800
301 613
124 456
695 437
385 522
189 516
480 904
925 176
717 852
215 848
328 556
809 694
647 327
427 288
725 335
910 655
342 93
911 115
660 946
882 126
789 530
835 332
804 773
180 31
757 739
260 87
644 918
270 8
373 389
293 489
169 155
42 171
388 435
687 697
925 756
677 371
271 486
809 843
27 130
669 719
429 618
505 252
123 317
969 525
291 537
37 101
240 127
117 279
911 551
808 284
535 347
918 321
921 547
944 972
230 745
891 673
486 839
895 233
886 484
279 270
550 655
353 899
460 929
249 850
729 472
948 894
897 740
145 639
957 760
245 262
323 708
345 956
641 767
838 586
870 138
451 296
96 224
217 172
494 543
449 799
357 190
603 698
306 748
146 144
828 617
777 713
650 345
543 22
724 994
863 885
419 420
66 894
409 638
298 577
637 72
206 78
309 477
437 8
366 166
424 873
185 779
940 145
727 187
379 297
20 151
774 8
208 95
201 733
372 738
722 34
591 713
995 496
503 57
584 665
57 255
46 536
161 297
38 241
848 173
42 252
796 389
869 713
781 599
397 334
421 88
798 184
722 797
32 169
630 281
776 56
155 85
359 269
87 866
572 386
535 270
834 389
528 600
348 979
966 142
325 798
677 73
518 875
939 706
176 578
50 700
324 268
328 413
435 483
952 567
571 683
636 767
549 144
58 733
370 667
358 184
412 864
567 812
535 355
201 243
920 11
131 664
44 367
707 697
42 856
763 962
750 1000
698 783
702 847
872 534
297 265
765 455
292 579
242 786
24 481
850 981
387 849
637 507
603 311
418 169
781 913
205 111
462 678
524 485
217 609
159 386
56 929
384 872
704 801
191 61
367 860
425 445
333 284
838 827
432 563
696 864
533 371
648 963
526 996
252 364
88 528
346 840
368 256
41 780
652 906
778 733
962 110
492 615
213 408
674 922
865 857
402 891
616 245
653 560
415 973
532 403
938 918
134 802
720 231
250 113
982 678
914 318
899 174
891 760
877 453
723 931
689 599
926 772
250 339
474 847
827 961
44 557
61 393
780 505
693 936
537 223
515 124
419 83
166 716
758 874
540 473
472 372
304 273
785 486
328 151
792 318
899 362
918 218
618 444
707 661
304 224
909 957
822 358
93 826
231 918
684 643
798 399
525 365
987 466
271 533
43 410
854 934
340 772
401 868
842 578
682 767
223 669
885 544
113 933
345 236
360 452
951 404
323 721
533 437
916 35
954 858
403 208
168 971
299 99
641 157
363 820
513 809
660 40
419 858
630 874
1000 491
242 348
119 275
212 951
712 407
143 3
826 387
152 750
687 582
377 609
465 301
476 915
57 823
310 643
43 772
579 854
156 61
574 95
743 892
782 136
435 31
398 145
867 32
960 718
317 95
283 83
527 252
515 668
218 516
938 797
527 877
321 678
306 50
71 502
202 99
844 566
224 407
903 707
300 532
227 524
871 335
601 287
235 233
183 841
154 113
706 930
128 604
241 965
130 230
758 886
337 426
852 511
437 635
509 236
442 167
984 606
253 231
179 764
988 126
55 81
292 933
349 692
375 692
943 646
415 925
491 719
332 585
206 86
210 365
162 8
219 217
76 582
98 836
405 868
688 64
543 450
780 944
488 230
237 981
917 249
793 267
873 372
816 996
871 582
655 949
547 788
823 739
646 88
341 442
284 313
660 972
117 801
208 3
695 177
544 621
946 349
952 58
786 998
173 566
621 181
621 290
600 356
647 612
514 879
52 978
167 387
354 134
562 931
781 387
86 305
865 754
97 616
677 195
830 803
807 615
35 543
456 552
878 559
370 914
995 881
726 739
468 215
951 650
933 395
572 221
863 234
842 119
277 280
336 812
939 903
227 953
780 385
84 790
585 815
892 957
952 933
953 851
680 245
335 135
556 495
528 703
155 841
188 538
638 6
108 418
292 552
334 231
742 32
300 467
891 680
430 698
702 690
544 828
63 892
103 623
863 901
520 851
205 219
777 938
206 844
542 234
764 846
530 658
124 493
946 930
786 955
659 315
589 6
111 326
649 369
464 377
906 352
48 632
203 804
275 179
497 455
318 247
125 727
551 479
458 506
956 621
739 839
532 112
915 872
946 14
550 157
364 896
703 369
857 1
471 813
365 490
222 397
5 681
908 558
178 207
820 290
658 69
677 231
630 137
978 934
597 48
728 129
681 13
314 622
471 766
857 844
605 502
698 712
623 893
383 504
615 829
407 856
28 531
816 760
650 806
619 87
589 819
55 160
710 78
318 795
709 106
330 353
54 817
680 352
989 234
3 469
951 336
432 316
237 746
842 476
104 673
64 285
789 36
936 552
427 943
444 775
263 745
637 506
86 608
641 21
971 810
826 27
719 724
674 471
677 916
215 53
630 924
357 979
791 294
246 917
581 612
437 412
228 55
605 951
195 326
108 541
327 317
882 52
609 980
169 935
591 684
102 179
308 30
511 561
789 585
759 463
816 537
191 355
624 594
695 819
937 315
277 954
95 967
80 292
591 784
890 509
698 922
526 775
673 337
964 816
677 441
182 969
627 534
369 826
89 193
714 958
625 201
652 632
925 556
268 369
252 960
457 883
857 580
901 866
715 425
546 953
91 626
776 889
849 776
555 681
6 743
978 684
965 946
618 610
73 74
404 998
22 302
429 117
286 390
415 38
178 953
392 723
852 331
871 153
488 606
197 890
58 464
448 640
607 816
665 89
333 251
885 446
408 46
7 126
963 348
112 791
604 90
716 956
328 965
256 98
613 260
980 579
229 11
102 779
379 498
448 724
768 973
299 213
752 967
676 605
955 224
521 404
663 817
744 363
545 807
627 438
384 740
775 424
863 755
29 691
765 653
967 849
241 49
298 200
708 627
32 500
931 331
298 347
83 931
446 612
643 581
511 779
22 514
888 818
5 336
958 334
618 278
291 639
611 38
903 796
39 976
245 236
182 798
964 970
986 526
71 352
635 301
654 353
489 348
771 455
107 925
577 404
795 477
706 560
981 327
666 418
344 608
700 197
993 53
22 57
225 163
615 986
852 504
690 495
384 358
409 981
157 591
323 891
486 229
614 225
444 745
70 551
966 957
437 129
223 752
102 823
623 824
825 808
655 897
312 306
102 646
530 687
396 825
21 676
498 147
85 465
980 975
160 776
786 596
93 184
830 277
850 591
246 588
911 252
593 58
753 280
67 830
829 579
298 29
725 658
539 2
29 155
216 446
477 553
973 484
756 980
463 618
554 903
786 137
237 425
122 335
799 925
182 945
259 424
946 338
967 512
490 598
454 197
112 44
49 605
729 147
657 158
291 1000
520 146
80 665
156 710
785 242
126 428
40 55
390 639
838 121
477 143
62 891
31 776
838 136
643 768
62 970
430 878
749 884
92 409
438 181
955 29
370 599
745 417
484 467
525 291
361 424
239 331
77 348
258 726
957 984
138 394
11 50
837 354
436 525
735 501
58 123
332 622
522 394
741 262
813 249
926 424
910 813
875 576
601 245
381 151
883 77
612 565
337 81
693 816
471 394
867 623
294 385
670 60
985 526
548 600
241 270
741 73
941 631
341 859
693 795
436 65
517 824
630 851
26 965
934 722
324 926
458 616
574 826
722 761
835 298
359 984
270 123
386 588
321 33
857 151
680 632
401 137
165 240
38 70
611 384
230 990
235 436
116 173
843 117
511 641
584 555
192 929
894 226
367 594
910 165
786 399
623 670
883 945
165 978
168 387
633 666
653 361
322 687
550 990
382 967
942 357
1000 822
895 143
670 967
875 83
254 364
109 663
61 468
192 365
858 898
798 484
166 817
633 214
600 265
642 50
440 902
257 208
3 468
228 621
819 598
237 745
291 337
223 810
724 985
263 175
376 839
563 605
484 561
958 682
615 337
29 878
486 200
898 637
276 57
884 278
902 413
524 487
197 729
916 9
864 970
955 485
212 814
263 482
59 805
369 78
867 986
869 265
87 476
289 269
143 94
790 215
597 415
674 920
535 985
36 560
204 894
423 732
759 757
206 962
75 235
83 740
249 204
984 153
69 473
330 55
757 876
4 308
874 712
636 575
914 335
787 551
165 839
59 460
546 950
303 713
576 803
773 759
456 351
220 232
774 729
207 18
836 930
175 624
969 7
82 152
727 584
800 315
858 777
235 442
376 244
768 672
641 342
736 84
98 833
690 701
542 769
654 915
256 129
334 153
357 295
730 771
789 650
630 872
635 898
172 636
659 370
753 371
535 799
590 350
114 431
444 191
125 557
238 884
995 155
133 136
562 810
835 482
375 421
359 992
218 480
424 383
665 807
761 698
139 980
85 112
433 759
847 940
481 739
449 348
874 778
965 593
394 966
643 469
537 890
960 383
246 92
412 742
765 816
895 865
147 627
956 658
960 494
135 710
389 722
247 546
567 707
35 498
240 820
114 853
649 550
407 786
184 777
527 525
658 940
537 517
149 727
488 669
860 547
839 636
440 864
461 758
687 312
50 783
641 638
129 420
349 257
779 834
768 541
417 481
578 364
291 408
519 288
300 90
176 72
298 567
926 333
755 957
976 958
594 5
99 929
815 991
745 119
211 559
125 141
774 144
53 302
524 431
599 997
181 60
937 694
60 931
738 919
778 46
284 315
697 214
552 847
919 543
658 583
189 626
544 623
512 205
164 848
40 734
807 62
419 969
170 65
890 592
416 65
41 308
829 691
836 817
598 816
896 140
380 481
18 28
619 99
717 926
991 195
591 901
117 754
99 91
616 207
815 389
166 61
971 31
347 793
813 880
13 17
175 7
303 50
126 755
183 536
400 195
244 538
325 807
107 714
734 413
11 536
247 518
675 625
491 208
917 532
421 741
574 437
151 476
745 757
525 239
322 874
790 253
424 342
726 379
874 290
505 317
288 789
883 528
684 551
477 319
371 292
214 818
895 345
366 617
404 782
97 500
336 588
577 514
319 413
196 488
932 292
145 926
992 7
171 666
653 510
759 716
917 57
849 275
78 127
228 936
390 75
387 148
157 372
917 170
223 727
315 520
337 80
393 838
747 525
397 822
16 683
608 181
772 966
169 687
212 779
232 201
413 12
674 492
366 20
115 276
104 3
622 197
787 368
757 994
963 290
225 965
270 201
935 233
167 323
226 669
635 827
48 969
70 870
866 228
147 113
696 20
365 343
402 227
8 54
583 985
491 257
455 362
640 990
829 441
692 157
821 533
934 796
244 638
942 763
320 6
840 861
362 385
35 631
143 942
365 522
648 324
408 745
615 686
482 806
781 24
770 811
170 613
535 489
921 429
649 638
526 276
231 54
839 951
608 567
880 812
40 419
719 237
840 394
586 146
783 796
809 497
338 75
943 602
141 492
148 440
222 745
633 326
284 776
563 559
837 436
334 522
175 179
497 635
595 254
262 211
211 649
590 903
846 45
108 246
51 973
988 838
955 375
495 438
524 480
531 580
824 570
474 127
220 623
333 392
685 691
834 751
618 342
34 999
789 885
574 757
846 894
890 694
124 98
53 170
509 568
863 665
898 783
403 407
96 643
613 930
741 253
725 728
655 141
973 474
655 50
15 147
321 384
464 645
285 617
1 910
143 383
648 179
316 769
298 500
954 715
722 911
9 712
286 968
69 472
212 254
662 551
147 598
611 157
95 372
486 691
162 861
330 135
115 679
818 944
628 623
480 215
151 260
905 736
266 638
123 949
168 340
408 483
762 356
671 866
505 757
692 655
641 651
550 549
610 272
351 725
650 939
889 863
83 144
124 24
424 577
154 941
858 697
492 911
746 82
451 114
716 958
276 111
690 506
996 414
443 502
279 868
213 337
927 507
272 766
771 724
482 356
560 97
857 603
285 408
419 919
641 224
475 822
683 365
3 911
812 399
232 1
76 146
313 192
685 552
781 809
694 798
248 902
854 464
241 893
403 288
521 197
905 102
801 181
622 991
513 633
705 785
250 907
36 258
596 621
777 269
246 34
943 504
270 901
910 243
217 216
236 12
952 805
183 567
478 209
925 343
373 933
725 48
471 7
502 203
532 656
683 612
765 536
47 405
911 636
528 784
420 57
465 976
242 474
784 844
362 360
309 879
71 384
623 951
862 405
135 999
239 335
927 347
430 225
895 471
202 320
952 144
31 167
1 368
555 809
59 445
634 702
27 516
447 695
361 434
931 122
571 195
497 690
746 286
335 962
671 100
417 337
291 360
310 4
223 877
64 958
319 350
520 409
163 802
884 216
246 817
724 641
401 726
57 404
185 207
506 109
82 705
154 722
484 125
871 579
765 476
638 858
217 606
470 184
608 281
25 551
46 847
431 711
911 329
358 892
864 721
209 492
851 973
446 403
263 715
359 950
703 201
263 856
322 308
70 702
659 111
950 946
703 350
377 348
85 19
655 411
307 9
382 719
481 348
807 748
173 720
361 816
476 519
31 583
884 555
131 117
117 388
504 823
640 797
970 60
308 955
93 187
870 989
373 219
727 956
250 406
306 164
1 434
442 356
150 29
188 832
306 311
713 394
182 354
496 905
940 698
98 693
651 425
525 464
339 325
513 392
287 45
612 834
101 451
15 951
676 979
624 484
222 669
270 739
127 512
129 161
498 320
775 46
910 819
766 169
212 812
737 421
665 384
828 980
885 741
928 734
17 849
419 569
77 13
63 206
700 480
963 52
926 72
706 724
90 168
843 602
399 200
882 188
241 268
816 786
603 122
731 417
329 929
674 64
789 705
151 744
693 164
9 23
708 919
13 711
105 638
983 271
809 632
755 468
591 890
133 190
318 250
359 986
865 817
907 792
801 381
70 666
473 156
969 449
313 587
423 570
801 494
751 614
388 290
156 774
303 977
142 337
404 532
221 296
979 388
549 954
706 711
780 322
174 977
502 418
802 558
624 196
899 84
222 829
171 829
282 126
266 603
747 84
823 301
933 317
654 384
120 914
378 598
616 771
914 666
699 336
844 863
439 85
200 459
463 339
570 813
624 433
515 290
202 747
371 176
79 355
583 449
889 224
125 949
108 589
172 86
101 825
940 251
535 840
500 746
447 429
287 692
551 555
440 341
216 828
414 201
551 952
589 197
114 167
849 24
225 774
815 775
391 555
506 589
660 16
272 945
276 793
815 756
281 645
998 522
927 538
125 918
219 337
402 915
170 119
423 875
526 1000
88 532
234 894
878 63
629 201
555 104
574 980
995 353
247 20
484 762
13 636
824 119
331 25
811 275
576 694
52 917
330 851
478 107
671 980
890 363
891 926
766 798
982 331
469 364
937 218
611 15
478 250
407 298
696 862
569 886
86 495
514 628
435 293
511 118
994 12
832 351
870 699
785 47
477 979
459 616
316 471
357 685
654 315
253 524
749 647
438 934
775 541
464 185
889 124
322 851
126 373
292 175
978 314
304 277
12 222
469 785
609 254
148 494
906 574
120 29
712 737
859 626
132 954
855 610
999 310
107 646
271 529
399 588
737 259
828 702
444 695
116 879
176 140
207 516
493 387
845 238
538 758
133 818
970 485
820 540
488 29
142 512
859 62
495 314
301 653
674 105
425 413
668 591
302 821
109 469
857 736
38 851
423 783
178 590
747 899
956 877
186 913
423 924
541 25
191 384
251 253
604 703
437 512
900 168
61 884
208 712
302 390
434 262
553 708
641 6
597 147
138 370
139 807
875 465
640 532
326 395
18 984
771 298
919 354
444 66
377 417
779 157
756 463
990 77
517 323
558 913
355 502
127 90
221 385
567 672
396 3
199 590
511 328
22 77
633 946
193 529
639 76
197 57
288 779
171 406
2 57
279 105
728 777
231 974
541 897
121 480
999 453
858 747
880 595
646 528
996 605
962 861
780 846
84 579
180 898
54 111
880 674
208 443
408 13
372 326
138 410
46 515
636 593
234 355
722 204
480 687
389 299
966 963
592 736
898 547
492 551
342 372
992 973
719 574
613 7
394 469
547 745
881 343
332 9
688 305
655 855
216 700
683 118
332 408
351 396
423 819
579 169
526 928
764 123
968 656
735 298
631 197
48 719
88 891
752 418
644 250
147 834
373 870
781 447
469 743
223 329
763 629
653 709
748 837
335 198
70 857
236 113
734 496
814 424
482 145
191 747
106 517
767 328
70 1000
880 36
644 943
757 802
425 855
121 64
417 839
92 711
329 179
24 863
832 54
601 383
69 177
415 453
474 771
829 524
330 303
697 28
652 240
603 866
250 518
879 977
534 244
147 63
384 325
689 206
474 724
607 740
615 217
673 690
112 856
132 769
774 336
135 398
362 656
381 148
590 984
3 808
318 703
284 635
581 763
735 520
452 417
132 551
479 904
890 801
263 507
600 795
765 502
968 863
986 684
751 60
756 742
774 13
6 411
727 39
677 542
623 118
751 941
405 727
941 901
726 357
598 635
639 908
588 382
751 786
332 444
708 551
948 86
821 201
787 80
459 101
41 278
635 170
393 401
206 132
344 449
748 584
27 244
635 27
781 419
449 154
658 46
951 855
757 996
259 393
583 104
285 677
342 574
291 568
791 895
408 892
767 364
658 208
970 206
387 506
406 74
410 57
448 252
685 442
195 514
390 606
70 246
879 900
734 153
339 517
813 278
335 246
338 182
641 685
236 960
20 542
107 976
244 60
64 682
304 249
395 18
414 370
434 628
770 506
556 463
97 278
881 876
817 61
68 241
361 393
550 827
560 793
499 23
828 434
968 14
345 348
236 846
519 507
703 622
25 851
524 275
727 372
626 617
438 289
725 787
447 61
469 336
677 912
147 337
612 699
355 722
906 46
356 121
449 649
546 25
968 891
826 377
555 333
4 733
285 744
341 892
986 67
716 344
437 265
441 846
996 56
816 654
467 714
971 362
721 263
50 754
196 185
109 18
238 974
247 132
928 22
621 792
590 429
825 402
826 701
902 766
373 862
938 802
601 116
191 722
529 263
838 267
951 552
554 850
611 159
889 289
283 360
101 5
143 908
741 953
221 444
810 395
207 249
670 919
485 166
535 15
24 919
940 605
679 617
905 742
836 542
413 763
141 300
344 904
261 807
170 780
409 76
943 907
32 741
809 467
111 92
466 246
15 889
162 287
993 783
478 849
742 386
85 901
231 651
34 325
641 427
820 543
976 582
323 193
297 929
465 455
229 422
671 19
655 702
177 331
751 289
254 843
661 9
305 495
789 949
214 351
651 956
157 171
270 506
935 508
921 494
367 782
428 386
980 951
565 847
128 438
346 23
509 617
954 726
801 689
200 624
365 106
591 652
795 631
374 682
39 826
621 313
695 738
368 289
982 394
285 986
497 100
414 742
727 957
757 698
919 415
276 643
464 611
908 652
319 559
269 326
493 744
795 770
247 793
250 47
854 781
251 474
652 316
205 920
454 221
810 333
903 792
226 20
870 725
317 203
923 23
653 898
75 622
947 157
550 266
115 645
791 20
376 343
839 1000
457 58
495 598
814 247
804 16
642 471
917 735
480 100
543 609
106 226
489 250
70 329
914 739
610 306
59 56
906 723
524 102
605 77
128 895
419 336
292 930
811 722
115 193
158 847
408 501
441 345
974 45
668 1000
301 957
124 736
731 292
134 103
120 391
46 627
621 985
695 641
215 8
646 962
55 870
57 11
24 252
542 2
508 853
51 460
483 965
912 902
68 540
324 934
554 327
976 509
668 451
562 890
389 238
850 241
87 385
860 647
129 384
494 509
920 724
338 877
190 922
873 532
303 217
19 74
532 481
682 50
683 791
605 858
455 387
368 43
502 186
268 678
565 392
658 90
731 944
304 976
847 562
705 29
524 631
84 206
948 439
204 615
174 955
356 826
675 626
839 831
640 686
222 839
795 445
601 382
840 514
303 642
417 823
14 595
509 425
680 107
202 275
701 811
61 460
944 544
37 664
235 345
903 448
524 955
782 996
512 979
529 779
841 9
515 443
100 918
791 676
914 854
202 580
168 588
222 643
427 809
430 588
56 367
24 395
760 917
966 925
866 256
863 883
612 561
176 630
958 541
814 545
177 748
361 885
881 143
579 365
739 654
974 299
261 324
599 906
600 796
103 763
877 740
217 249
224 560
209 300
971 496
206 627
587 544
125 609
612 898
613 796
8 978
692 429
605 924
252 356
769 940
388 14
639 749
51 332
515 573
293 439
350 184
134 681
469 342
18 910
294 803
865 627
869 981
715 51
607 97
455 756
645 324
903 864
889 260
193 269
265 904
141 37
160 530
550 451
558 974
899 172
743 502
197 478
434 896
173 357
230 286
748 479
287 237
272 186
206 471
814 473
830 653
945 357
984 765
13 333
966 317
442 618
847 74
709 85
158 741
711 793
186 242
757 377
775 878
444 574
618 145
581 43
859 665
163 158
400 572
954 255
132 855
194 568
185 811
868 552
524 268
29 874
964 91
471 53
955 392
314 368
722 149
156 725
949 858
163 589
545 357
432 602
911 274
215 929
882 222
773 285
834 797
981 730
83 694
51 541
799 857
55 969
479 141
172 555
356 344
412 218
894 984
440 147
268 953
929 849
902 620
139 940
288 182
643 620
347 725
44 999
504 179
744 863
530 198
734 318
938 803
869 969
636 964
566 365
342 603
331 470
792 868
734 771
346 960
127 160
311 313
573 70
359 13
127 49
516 314
976 741
478 421
249 958
266 637
755 617
754 876
675 360
235 289
370 520
706 890
713 14
14 805
988 144
442 124
758 526
819 630
512 522
286 165
237 713
223 778
98 861
61 673
710 911
932 718
220 296
257 466
681 243
464 250
944 52
105 248
654 919
713 505
707 371
276 217
719 695
557 312
48 328
234 559
627 12
703 867
636 326
391 521
160 993
416 347
566 426
4 690
958 823
599 35
734 990
510 914
281 1
468 662
844 25
318 176
191 386
801 330
731 649
237 448
920 616
778 746
911 810
971 119
387 134
888 934
279 29
661 660
139 694
912 502
749 327
127 247
390 663
727 518
779 870
891 666
970 7
273 317
6 708
631 581
196 722
583 486
550 757
888 65
239 344
174 233
413 591
529 814
345 937
510 129
719 87
336 612
409 984
616 960
675 405
698 862
457 996
497 695
138 265
504 329
880 676
593 727
868 529
931 349
718 55
81 210
65 757
101 31
767 558
5 885
171 481
816 922
409 532
671 276
668 831
868 484
349 882
99 643
542 3
546 94
252 99
898 835
403 99
955 670
872 16
858 79
787 457
350 931
995 298
62 119
246 752
462 813
839 357
142 943
120 319
551 49
57 853
276 561
207 719
200 843
167 441
815 381
673 284
19 382
477 710
959 562
527 222
792 813
443 715
672 451
356 852
984 85
287 490
422 618
828 222
539 149
460 762
271 809
637 444
446 957
397 231
457 68
982 727
204 759
234 598
102 430
619 208
692 556
326 806
398 691
790 241
685 485
210 775
563 825
782 597
966 470
842 192
149 856
889 298
211 403
233 335
250 631
205 858
533 962
572 936
374 988
323 858
453 892
98 914
500 866
709 146
949 931
72 41
862 944
663 545
922 493
695 342
820 688
353 194
859 858
660 281
360 39
573 788
759 957
280 165
397 818
932 917
294 442
355 696
157 146
656 607
108 928
275 475
591 545
258 791
668 514
764 187
674 175
161 448
753 430
863 673
612 487
781 878
127 16
588 376
735 507
916 711
114 499
782 296
363 528
421 240
99 490
235 730
507 785
633 579
117 722
354 164
363 318
701 138
298 431
302 303
286 976
766 930
89 290
786 392
784 915
437 792
540 191
245 175
282 859
370 944
248 492
11 568
654 290
639 288
454 452
791 95
755 306
914 518
239 551
258 482
131 880
596 100
508 516
552 2
535 203
902 914
312 3
550 908
720 819
756 145
903 180
870 169
484 508
966 732
642 190
89 2
120 226
393 644
431 836
267 175
529 528
362 867
861 347
257 501
228 840
484 210
514 265
858 451
141 859
517 724
497 857
557 211
371 832
210 446
234 456
641 152
492 724
458 836
976 777
370 56
116 564
356 123
730 808
33 72
792 139
960 829
355 805
952 465
381 521
932 879
590 327
850 528
764 78
129 767
242 288
298 222
338 931
891 181
752 413
289 497
19 216
739 873
55 682
852 584
28 26
92 837
324 301
494 549
545 785
196 827
179 15
454 247
517 475
97 938
469 906
244 559
909 353
360 728
643 269
762 700
230 729
675 956
144 180
709 851
559 22
31 937
527 564
515 980
463 570
528 949
733 432
853 142
956 145
31 207
178 305
399 683
291 18
578 97
409 963
83 148
747 141
548 74
595 49
393 599
676 790
551 746
571 40
360 301
323 931
289 887
676 869
769 13
102 914
968 187
6 798
493 384
846 188
479 957
376 582
285 404
747 713
635 552
302 969
964 22
218 88
881 680
937 750
773 368
869 455
428 531
982 174
431 668
713 683
13 524
403 292
778 760
412 430
532 463
863 415
938 994
591 940
481 629
599 497
216 198
860 963
511 817
576 614
494 705
978 838
560 378
576 917
245 246
687 899
321 782
395 515
433 468
878 538
662 711
611 189
683 600
210 766
778 828
709 744
545 543
840 665
966 201
805 197
132 650
107 924
496 643
758 175
173 283
505 443
878 525
50 488
348 775
990 338
723 821
282 437
908 161
13 259
126 148
210 450
826 146
277 382
405 425
283 517
340 722
750 841
822 682
968 199
637 745
73 330
667 552
410 563
193 929
395 429
785 741
1 22
789 245
556 288
154 442
409 761
618 121
217 585
893 929
784 411
921 526
393 813
447 486
964 156
604 171
648 725
367 191
834 672
449 710
926 80
530 681
983 1
786 575
159 579
362 605
751 37
347 291
924 593
176 393
893 372
142 658
806 405
389 240
217 892
237 129
368 752
350 928
707 353
526 935
928 370
69 856
655 193
821 233
574 671
772 291
991 185
976 398
88 324
464 690
427 454
452 749
471 913
40 993
203 31
298 313
616 308
134 707
49 885
191 566
35 806
596 397
891 859
587 935
325 913
917 829
865 612
294 660
49 340
819 23
488 692
749 298
109 907
993 280
294 743
94 629
260 915
10 842
417 836
415 305
813 670
227 593
528 274
321 564
509 423
330 298
519 972
945 383
692 732
469 869
700 231
774 666
222 615
667 790
174 266
12 225
343 657
514 127
348 9
650 188
548 130
642 219
187 250
975 333
427 811
769 196
992 395
613 501
996 451
120 310
368 486
690 638
432 850
340 827
841 762
551 515
275 764
132 659
834 533
927 780
52 458
694 9
287 621
219 427
20 546
385 509
594 373
506 565
582 722
73 930
972 826
366 25
646 63
309 518
1000 51
599 117
211 812
73 819
510 856
506 279
273 670
660 862
568 849
521 176
61 727
522 859
407 463
14 215
695 726
751 652
496 176
833 279
433 673
530 337
191 392
868 319
725 402
963 517
13 822
969 576
933 229
436 387
754 386
518 577
334 850
632 986
373 1000
65 431
216 45
878 611
75 850
539 195
887 275
299 778
896 980
526 366
520 308
218 793
572 248
149 665
480 192
62 654
302 121
875 73
767 79
678 500
112 443
224 197
315 254
163 418
491 977
76 961
790 13
442 247
775 731
372 116
687 511
753 1
783 904
309 581
201 324
123 447
211 287
491 767
304 932
456 858
360 306
379 638
343 411
257 500
280 19
292 504
675 138
159 485
807 441
660 221
628 234
314 382
206 768
651 917
397 853
72 292
846 208
8 524
650 71
413 491
768 6
897 422
487 405
997 253
333 189
683 34
406 975
657 643
34 706
329 722
721 806
436 321
991 241
498 751
856 652
138 759
368 300
386 812
822 67
868 467
173 643
892 457
715 64
532 522
277 677
366 831
852 815
636 966
123 765
489 362
882 578
810 487
616 554
924 355
361 925
892 687
126 415
416 586
408 714
524 648
121 125
144 196
899 436
520 831
766 734
235 146
2 81
700 56
371 370
875 962
736 268
510 107
790 41
732 248
549 414
515 258
789 367
757 347
417 328
324 700
779 246
348 352
577 894
663 774
690 695
411 304
675 217
347 56
348 279
24 453
116 875
651 32
610 95
198 962
51 812
59 463
20 113
257 321
332 771
217 449
647 436
560 102
637 8
247 531
582 651
270 505
755 197
593 226
116 521
981 523
860 408
699 538
114 255
116 696
47 638
33 196
950 649
475 555
937 661
133 97
500 336
428 675
947 693
910 299
656 838
751 855
441 966
354 267
617 407
860 813
972 183
131 465
762 751
765 1000
235 677
133 404
373 831
523 788
877 383
164 47
992 727
782 946
362 435
22 871
649 991
634 7
668 597
37 170
950 742
709 376
801 869
896 779
272 117
918 412
187 386
697 24
728 866
945 338
174 124
378 539
179 550
55 139
349 490
903 473
357 943
106 225
572 902
331 816
667 954
357 816
250 704
34 501
931 97
674 799
7 458
892 970
67 614
392 694
351 390
379 550
984 836
896 230
788 316
96 260
404 453
190 498
570 116
793 275
354 747
480 530
320 807
836 471
30 426
696 706
253 291
355 751
285 232
419 911
307 592
493 133
481 837
775 389
686 800
659 148
588 342
479 7
475 567
887 356
260 457
687 610
962 63
341 162
731 358
968 660
308 477
141 902
985 503
290 979
973 622
702 52
65 81
531 172
625 57
806 86
496 115
156 7
407 249
412 337
929 633
643 311
757 957
499 933
635 337
982 742
415 675
307 298
331 166
218 659
439 313
331 400
539 151
83 275
11 542
733 177
434 923
252 886
19 719
424 157
795 446
814 142
728 971
949 515
359 87
309 846
110 637
200 434
439 479
598 656
639 108
607 450
865 39
15 781
567 880
220 93
721 544
825 560
817 21
874 121
694 381
676 984
131 581
776 782
233 381
727 511
400 610
572 648
497 546
462 288
263 969
750 567
841 761
436 699
632 210
116 931
869 171
836 420
341 514
16 673
860 290
698 453
845 178
423 28
485 291
380 95
753 467
1 76
96 526
152 272
560 445
561 113
200 572
312 86
664 491
800 129
229 959
929 985
553 981
535 861
76 38
188 662
192 619
372 905
119 610
553 614
612 639
976 363
519 477
762 692
818 578
86 250
787 197
222 553
809 797
166 130
668 192
599 440
602 332
101 254
577 154
174 760
361 791
123 720
51 111
861 578
255 503
607 98
840 835
469 437
770 946
383 19
810 403
740 976
247 866
784 890
400 115
240 882
723 895
196 645
235 949
71 583
168 382
599 805
45 936
937 787
98 594
676 424
766 413
72 873
988 143
822 204
23 518
465 334
854 800
557 278
443 962
827 120
206 103
244 478
561 52
185 249
194 567
180 582
107 558
64 853
665 263
171 269
63 779
175 345
293 818
935 450
733 560
807 265
593 133
519 149
831 135
119 401
599 939
945 512
547 724
911 287
309 169
220 532
239 650
760 513
228 63
290 710
254 751
493 77
8 363
834 907
648 307
303 444
342 146
808 754
184 44
739 794
292 32
960 989
8 506
514 956
312 848
42 217
740 432
833 242
532 420
173 642
217 198
681 183
274 263
60 276
961 199
374 444
891 562
549 968
454 4
438 665
560 335
614 806
323 276
908 857
936 402
629 299
757 230
300 553
852 14
46 189
853 307
526 331
378 661
343 901
453 69
947 297
940 601
256 459
338 263
600 206
419 777
984 301
468 390
571 479
330 355
921 316
6 622
923 474
407 741
653 205
897 827
805 914
572 995
990 406
918 395
944 378
637 707
585 120
362 931
337 359
193 987
323 788
570 965
115 150
330 678
794 327
863 728
618 3
62 505
8 971
299 188
820 618
414 159
163 925
628 207
869 227
997 62
674 499
513 951
471 331
589 228
238 434
605 204
636 321
655 969
416 350
807 130
730 15
392 896
815 663
927 741
604 918
610 727
459 120
596 806
333 648
616 60
763 877
268 969
650 605
877 971
302 328
242 322
243 679
887 150
74 667
57 943
277 998
948 969
642 12
670 571
564 90
415 936
20 648
683 956
840 291
498 698
190 732
694 386
394 961
331 212
218 525
269 589
44 853
580 935
355 364
698 833
998 820
412 765
508 906
74 460
424 19
922 830
922 187
954 864
529 112
801 651
568 746
700 511
658 522
50 36
452 720
749 614
453 57
426 951
706 955
602 888
733 402
903 472
465 756
676 86
439 152
937 323
489 143
362 903
883 347
381 14
633 588
600 631
283 805
457 634
77 257
723 371
599 668
356 749
158 962
586 537
622 883
384 11
339 729
441 206
595 813
669 462
372 498
124 339
659 584
110 298
310 824
785 918
290 300
253 25
744 335
601 714
777 714
211 786
285 231
640 26
260 890
55 925
132 366
722 634
265 75
584 359
693 11
660 836
311 920
786 69
55 818
515 641
375 17
473 25
657 250
564 143
848 842
904 76
208 681
29 437
416 806
806 87
937 908
661 816
80 627
728 319
929 632
270 626
37 107
240 105
517 273
889 364
302 129
188 388
752 20
629 370
900 318
633 887
221 310
980 12
601 653
165 792
519 953
496 673
957 300
67 774
378 717
254 376
867 515
226 393
89 903
757 496
542 644
451 389
328 216
917 352
832 856
410 482
943 572
239 339
405 173
68 41
570 311
20 980
478 956
961 829
863 895
663 915
155 852
745 84
963 173
786 654
550 40
436 811
349 802
535 416
29 932
176 472
30 391
159 545
806 548
552 899
978 474
993 759
155 626
545 462
129 615
960 835
378 642
745 792
484 893
562 510
19 80
555 2
8 479
578 464
852 567
928 15
394 679
624 702
456 768
734 695
990 861
531 203
326 325
628 579
47 117
216 47
472 473
312 514
574 382
678 213
706 686
100 737
412 549
586 443
144 101
115 577
22 159
691 220
378 737
487 385
199 525
58 739
810 690
740 823
802 738
583 427
542 390
326 912
555 998
112 524
258 400
153 126
836 965
784 168
288 935
328 244
662 201
367 317
791 431
408 172
319 446
927 63
965 136
872 512
510 446
794 659
599 836
402 600
234 890
890 991
444 911
885 168
876 906
346 141
25 624
778 30
928 623
410 954
964 357
214 140
877 963
952 357
474 233
310 915
96 555
798 996
17 593
741 230
695 661
661 549
786 182
688 732
598 51
86 263
164 629
735 254
812 885
248 702
984 242
1 816
754 420
536 591
645 275
723 591
84 147
857 917
53 664
112 108
666 693
197 334
580 979
887 753
619 895
286 834
825 329
400 193
143 907
314 523
847 359
411 451
362 383
552 195
681 481
963 592
310 358
75 559
595 468
504 755
107 350
552 481
64 407
23 948
768 521
141 521
993 770
996 679
717 929
230 235
685 93
79 498
101 150
741 709
660 365
242 812
538 833
354 850
284 521
893 11
505 826
842 731
21 294
542 152
780 533
962 205
845 121
116 523
856 814
10 192
955 244
163 762
422 357
170 194
1 818
125 948
561 620
89 163
724 575
351 39
941 857
469 40
678 916
660 647
757 645
652 823
744 784
999 712
191 543
994 456
200 317
481 763
703 432
174 710
740 651
529 486
490 650
634 771
690 26
619 859
994 157
870 552
468 308
568 602
348 770
865 168
49 878
338 232
194 650
642 464
20 620
607 488
227 434
923 441
762 28
654 571
445 320
220 123
457 799
352 35
706 858
672 982
233 224
750 831
549 432
257 16
665 147
918 879
701 597
7 452
188 525
438 448
472 290
29 966
888 179
906 830
301 952
855 369
822 122
876 717
124 452
390 246
394 253
821 306
859 27
128 1
938 510
43 158
853 265
319 37
775 40
216 728
811 149
748 81
246 554
214 180
108 975
823 618
690 224
739 631
119 201
217 833
881 474
916 495
886 164
692 470
895 713
513 557
91 985
402 100
991 186
652 836
951 978
619 763
88 833
621 425
160 778
156 906
913 257
677 376
715 189
921 782
776 7
743 747
688 883
429 607
839 20
805 388
93 402
408 870
979 497
688 962
47 449
487 190
87 960
477 996
671 636
266 457
767 455
948 547
847 351
739 382
789 712
140 75
895 62
131 792
614 457
795 289
885 9
408 387
182 357
936 137
776 722
40 388
729 598
842 351
534 121
811 676
684 686
245 794
49 97
267 54
323 899
949 574
970 763
187 255
867 881
941 426
620 623
354 939
480 722
867 990
711 933
379 452
971 824
976 914
868 640
157 253
367 557
392 434
48 276
716 675
347 256
846 874
519 192
800 654
746 454
553 842
954 651
194 4
290 531
221 893
755 477
773 198
260 431
891 173
517 580
948 92
657 519
141 496
436 360
991 158
294 122
406 512
123 289
30 576
435 48
743 702
999 528
251 296
74 291
706 316
943 441
984 134
692 895
770 513
218 706
584 791
331 289
683 532
614 824
120 588
687 68
728 925
641 788
87 996
273 360
240 997
166 509
648 332
978 559
939 831
301 282
356 987
69 270
92 673
774 859
954 203
188 140
118 885
32 608
787 752
914 45
300 869
589 809
916 547
619 478
970 652
590 749
976 705
25 59
372 230
374 828
768 733
733 251
236 821
609 437
922 342
205 258
101 369
764 535
251 588
604 72
842 597
326 706
422 525
423 476
241 997
708 62
926 397
492 432
638 778
475 802
574 530
332 873
216 690
570 157
863 624
976 156
479 891
206 545
50 726
545 489
539 759
354 499
878 670
470 453
398 102
718 947
458 437
384 560
556 702
740 35
523 527
936 523
216 383
401 211
563 351
974 71
373 695
815 320
599 489
782 187
144 635
271 434
728 253
139 816
530 195
199 940
383 211
916 948
479 332
373 969
709 623
144 793
164 340
274 660
38 325
244 602
830 993
853 320
318 49
187 266
387 476
719 714
446 889
16 498
948 539
897 543
663 48
277 501
84 993
54 713
609 134
644 643
343 347
228 724
10 611
139 333
748 335
785 467
701 735
461 858
906 569
482 663
709 52
73 338
789 364
665 182
334 11
193 985
868 890
896 366
951 136
406 425
2 737
712 161
850 29
978 230
370 938
713 584
733 880
73 441
405 853
544 783
599 875
270 589
343 41
825 794
254 988
755 89
794 615
769 291
517 581
422 267
557 324
376 697
454 760
294 337
58 594
649 294
373 240
569 511
273 714
47 649
5 19
617 267
661 568
129 735
648 889
212 664
449 58
892 266
765 628
852 56
683 410
271 83
806 222
934 483
84 466
856 363
626 301
511 829
387 141
987 851
549 793
670 164
886 664
729 189
253 711
126 559
625 380
516 229
725 169
197 256
559 54
118 770
671 552
908 206
247 682
974 635
577 275
814 224
343 536
771 239
957 744
740 168
710 992
344 537
201 176
534 82
31 723
905 998
837 483
567 964
567 158
309 698
223 964
262 256
448 914
915 726
423 779
310 28
423 279
708 487
46 522
747 395
200 214
384 13
354 437
989 635
369 338
778 68
582 964
164 499
415 29
67 574
377 808
87 185
34 807
255 779
682 907
151 732
522 976
336 195
883 477
285 150
600 830
60 666
958 167
743 951
539 787
553 625
749 226
43 892
131 417
294 95
317 406
672 139
66 150
998 823
394 641
17 314
282 942
134 711
817 967
251 271
951 840
184 452
740 729
174 739
66 952
505 136
973 845
923 88
799 677
981 322
791 292
329 299
476 398
575 638
706 763
28 403
396 79
507 692
696 7
44 601
795 435
652 280
671 524
854 146
642 258
326 795
426 937
830 667
870 932
887 990
690 54
429 34
927 295
505 708
602 858
101 634
900 795
380 551
469 978
1 340
662 35
115 818
98 572
686 165
559 665
871 219
197 824
950 238
201 317
413 880
710 750
824 705
487 944
772 824
612 575
390 211
413 851
774 117
111 911
670 42
121 961
463 510
103 753
622 355
39 73
760 744
106 73
172 942
726 269
928 436
747 802
53 93
793 479
423 661
707 432
673 96
190 405
939 229
482 264
891 172
449 113
322 225
344 345
142 908
15 134
53 383
468 2
60 557
209 593
943 346
433 677
565 212
235 721
401 135
520 459
828 575
174 652
781 476
213 234
624 783
291 592
327 150
259 398
925 605
50 313
503 625
180 753
199 856
535 258
791 884
350 476
463 231
174 878
549 930
297 353
390 966
925 895
148 23
567 514
714 242
932 141
456 734
828 110
282 70
304 402
907 771
130 50
149 790
468 113
905 860
836 944
774 924
675 370
399 850
992 222
59 9
576 413
462 246
729 689
291 458
150 646
357 885
201 473
77 374
225 451
410 631
965 263
310 196
2 653
774 311
432 999
888 236
816 121
237 513
552 579
718 112
665 356
688 3
780 627
584 116
66 282
708 221
234 580
938 326
61 533
894 627
436 47
510 888
740 93
77 758
440 153
948 49
860 837
865 853
203 74
354 210
716 132
683 853
631 59
373 807
959 992
728 517
645 273
100 560
676 156
480 300
127 217
516 2
274 661
661 999
605 199
245 142
192 54
452 616
235 104
914 325
681 86
274 548
406 105
317 898
836 758
637 199
419 611
628 624
40 505
446 27
528 350
984 304
88 485
624 247
990 266
941 190
376 32
897 824
33 946
949 708
895 280
456 39
664 588
711 496
318 909
656 890
780 162
760 100
655 647
289 778
897 75
609 321
383 938
524 302
928 687
252 272
306 827
542 158
889 674
730 870
507 291
479 60
536 467
864 992
369 262
195 469
959 499
742 754
128 325
90 400
318 88
13 694
531 841
769 716
275 135
247 67
748 548
785 413
274 53
826 518
921 138
526 895
13 920
569 216
754 164
429 744
213 49
770 676
623 506
981 60
503 392
435 152
735 109
296 178
633 751
652 535
520 281
861 903
904 768
981 286
250 264
775 853
514 451
971 150
994 155
387 315
207 218
137 961
916 637
213 629
987 846
556 402
678 417
165 754
891 56
230 472
953 835
386 144
46 446
710 993
822 687
895 431
589 752
827 199
315 427
953 541
349 648
244 482
524 236
629 543
709 184
395 416
356 512
110 463
667 732
851 299
413 796
141 781
759 196
275 743
242 846
719 736
134 94
284 623
416 415
496 69
717 511
498 55
745 14
512 441
786 568
125 884
72 352
881 766
8 712
299 443
108 969
825 23
406 792
298 113
523 360
446 9
375 125
837 856
308 42
950 617
844 164
113 950
995 336
47 911
393 236
530 471
508 130
999 665
873 541
289 444
181 710
892 536
133 355
429 716
126 878
52 853
739 53
244 765
960 294
100 633
999 639
892 525
605 708
903 885
101 933
815 89
585 616
13 239
344 186
17 244
37 249
476 399
884 572
978 585
705 135
456 541
106 924
988 535
515 898
398 522
314 705
408 518
383 345
940 540
387 676
954 968
174 156
220 170
760 335
466 38
943 584
167 883
992 162
873 250
599 607
620 986
680 287
475 141
936 937
439 878
847 157
121 629
141 672
510 385
883 169
21 122
6 230
923 850
158 61
16 534
65 683
686 503
409 585
877 765
488 206
115 369
672 347
635 614
746 437
945 531
661 300
68 838
48 741
780 686
584 311
933 684
755 302
518 510
406 804
850 550
959 152
742 536
85 363
240 460
609 821
665 971
983 474
264 686
748 620
643 744
401 245
420 599
666 361
562 1000
190 953
411 956
838 517
948 205
400 427
643 633
238 933
259 352
62 375
674 621
714 910
952 887
871 400
763 183
821 539
329 373
814 460
931 528
532 849
115 725
80 880
971 492
896 856
948 513
787 645
629 452
98 268
864 540
396 451
183 901
637 920
650 810
886 332
84 830
32 721
842 238
257 188
295 604
991 899
633 227
914 802
968 517
421 882
940 806
443 262
210 7
963 479
33 518
441 842
572 825
868 576
461 918
360 311
547 109
34 168
253 20
34 27
432 467
570 441
883 50
394 534
101 81
837 621
953 160
811 846
997 151
786 512
273 595
971 516
402 889
462 589
138 783
450 109
221 199
669 70
584 674
342 150
616 83
337 630
708 515
496 209
5 352
425 219
691 720
36 263
200 905
754 336
735 381
231 818
995 70
333 851
961 42
467 417
537 875
274 259
756 824
563 187
856 431
51 79
145 502
535 289
41 165
655 113
10 956
122 440
140 303
400 196
535 406
792 922
5 915
814 347
248 270
196 598
396 16
491 146
282 91
214 918
967 158
478 575
447 746
497 317
379 834
362 28
951 484
934 754
404 857
956 286
10 496
83 154
600 496
675 510
694 398
872 976
11 998
253 71
435 902
96 142
205 292
462 493
451 124
822 413
54 11
293 833
718 34
544 769
281 477
580 199
267 862
384 978
662 421
99 139
724 742
194 825
929 202
379 383
234 534
721 40
780 743
950 275
807 190
590 314
424 957
831 52
729 942
950 642
536 242
518 454
556 781
905 3
542 456
247 66
126 913
217 923
380 353
74 564
256 553
69 522
165 28
562 801
907 970
696 103
689 469
199 108
406 718
686 740
543 823
288 233
365 277
389 549
965 582
839 45
772 250
494 698
381 185
322 635
595 824
101 785
134 906
273 310
295 945
222 851
459 527
278 65
800 449
885 496
790 236
314 669
956 220
425 540
62 843
714 832
276 224
311 56
967 374
496 615
558 235
118 546
345 946
89 984
883 430
701 737
172 497
724 838
16 382
435 885
607 651
166 967
814 819
413 874
513 324
897 305
951 238
345 765
492 884
988 913
916 246
688 125
115 322
814 525
786 678
111 461
405 522
719 656
394 331
658 891
399 254
370 122
794 1000
181 8
654 260
640 30
255 821
203 934
259 984
123 143
122 973
640 316
26 241
100 772
429 698
469 201
666 935
721 102
42 157
632 853
246 405
584 984
288 245
75 223
458 173
910 213
969 575
861 633
662 522
259 37
528 618
658 229
363 105
365 539
939 724
249 2
835 775
987 828
804 350
678 371
4 390
723 870
266 685
358 240
415 460
272 86
214 315
719 274
261 982
338 203
528 423
794 118
867 660
653 133
266 911
283 999
580 319
567 847
368 714
11 977
358 488
729 708
239 351
774 446
427 801
410 529
124 685
306 670
570 307
148 141
387 867
101 171
232 278
431 798
215 183
742 544
771 649
523 88
71 719
99 401
609 761
574 629
422 710
78 356
873 188
964 269
747 663
677 884
623 8
751 71
897 348
320 695
265 26
521 297
167 372
262 584
673 485
178 527
360 950
731 678
180 193
373 720
968 349
69 695
251 188
624 690
915 511
131 300
188 331
942 548
65 48
104 458
783 316
198 372
273 67
403 576
813 841
605 973
458 80
369 619
188 425
246 147
714 865
771 897
568 678
753 606
813 764
482 940
171 701
443 59
729 518
810 252
365 946
280 716
356 544
231 777
414 379
71 864
432 47
917 384
920 412
319 442
624 761
950 200
182 102
776 73
30 186
751 276
418 72
284 545
176 154
216 919
413 195
418 187
203 691
93 635
480 608
980 821
231 401
326 736
617 242
290 878
581 599
124 6
215 953
454 659
418 413
422 381
462 594
359 786
267 608
534 934
385 765
892 114
798 167
588 155
751 825
311 988
95 933
21 962
632 687
881 993
982 103
160 42
570 621
386 548
848 135
905 192
744 824
882 666
558 673
114 614
763 229
496 432
539 308
668 80
209 39
22 663
52 701
899 156
352 735
583 900
283 355
885 736
537 900
832 216
690 154
66 640
857 699
931 668
72 484
950 451
780 495
728 904
488 685
44 779
552 86
755 625
847 385
6 611
98 640
686 1
871 63
802 514
801 957
93 923
990 411
719 123
442 149
542 704
905 975
180 769
549 408
845 561
572 879
37 239
906 695
908 361
90 562
879 642
988 31
989 370
793 31
671 303
849 336
78 130
81 238
299 179
690 148
745 135
954 470
602 270
924 725
228 250
570 222
56 843
536 469
898 708
65 515
800 602
157 83
565 854
33 109
918 294
520 881
794 772
893 510
470 117
103 189
950 562
554 507
55 858
938 90
160 54
731 641
368 425
661 331
668 150
502 36
820 457
946 858
243 968
433 636
658 111
416 654
312 591
210 614
246 168
528 527
224 275
222 193
4 284
779 926
528 670
140 204
896 914
32 572
762 287
568 551
452 61
303 614
145 652
706 807
301 1
784 101
850 218
154 869
673 99
512 639
769 733
33 790
73 371
400 749
936 975
51 435
637 339
162 427
271 639
54 101
884 188
358 303
140 630
90 953
716 981
990 546
500 564
674 417
20 510
685 863
48 364
834 810
859 568
768 196
727 687
668 421
685 513
512 217
473 499
274 132
955 775
647 709
572 899
262 621
446 414
523 516
520 340
397 714
492 328
331 74
568 864
868 179
473 118
450 884
881 81
604 661
644 236
296 370
706 421
563 468
52 855
680 536
958 279
544 39
672 108
675 799
657 248
696 354
661 940
361 974
36 850
429 675
205 837
499 600
596 362
10 885
727 960
799 567
191 866
913 944
112 263
652 283
987 684
426 916
901 234
374 522
528 147
822 542
243 806
222 622
831 836
44 378
118 527
183 65
314 912
704 360
870 133
836 893
309 718
642 210
388 408
675 474
64 614
836 140
874 91
366 855
542 826
638 899
750 569
419 597
483 614
807 355
337 989
552 707
386 933
155 585
617 166
541 260
216 585
983 403
436 86
418 489
874 867
722 603
321 274
821 165
679 11
592 115
857 87
833 383
887 164
235 807
848 156
665 890
388 503
661 750
667 353
578 92
820 298
191 595
29 404
491 509
952 889
825 493
592 288
611 28
578 207
544 67
925 602
984 525
142 348
199 853
438 695
494 883
209 30
170 621
562 347
815 127
636 552
123 583
161 870
64 807
165 854
350 338
780 373
359 480
73 207
329 85
22 144
444 354
376 408
286 517
308 785
758 793
563 797
927 260
823 343
590 582
438 243
79 199
906 513
210 114
598 801
470 704
548 486
606 748
846 287
900 851
615 102
599 637
653 389
909 539
418 982
738 559
578 824
577 875
954 957
802 816
894 442
699 184
239 227
217 495
940 70
875 539
567 481
555 409
521 537
974 413
99 997
959 428
944 144
51 838
253 372
437 125
703 886
265 798
489 646
312 137
898 656
977 233
781 825
565 994
756 787
275 108
403 419
545 94
674 826
324 999
588 148
276 514
228 283
507 836
865 874
367 849
702 103
584 898
759 723
952 166
437 930
131 267
353 431
566 156
910 227
179 23
400 280
148 974
352 609
23 414
19 559
442 606
407 940
639 383
72 719
622 523
829 998
2 262
630 22
106 978
629 422
176 748
620 239
382 206
115 977
667 806
707 757
463 395
232 659
999 69
396 368
783 836
36 223
771 772
281 16
73 342
405 127
428 48
912 979
953 631
344 741
390 124
379 531
827 267
349 579
668 657
172 188
870 431
543 479
233 954
529 645
159 454
213 471
922 81
547 873
363 916
90 196
733 622
437 81
275 426
574 562
665 758
262 868
234 679
353 791
141 280
960 785
530 607
638 516
342 65
234 822
734 967
384 609
945 235
902 807
597 469
890 577
359 967
809 701
347 618
108 305
333 531
434 426
732 789
792 572
578 21
468 592
230 768
670 573
434 317
893 688
762 857
835 527
984 211
748 852
951 913
184 411
916 852
300 741
65 360
329 307
339 298
130 292
297 301
882 825
853 352
361 610
352 363
412 921
461 804
861 461
554 606
297 463
338 229
980 212
374 559
892 936
22 587
642 429
292 246
610 345
776 571
245 306
338 116
513 440
567 869
636 253
36 243
510 142
455 449
978 420
135 249
767 866
823 12
673 703
104 600
329 548
513 346
822 460
275 635
202 953
358 300
675 250
487 904
181 365
842 617
93 561
132 679
635 750
600 667
327 580
350 767
885 646
834 696
807 742
855 82
146 662
197 928
563 287
223 388
684 154
355 788
103 862
606 516
355 869
621 642
57 243
648 26
172 740
131 543
364 892
367 635
479 93
852 537
160 83
728 332
694 528
91 589
247 838
456 889
348 556
667 309
67 597
152 870
32 935
801 591
160 305
752 187
607 119
184 439
465 782
482 164
619 941
302 139
909 417
967 367
771 384
79 863
634 34
905 586
399 932
331 614
943 887
527 628
737 900
458 796
672 553
547 391
175 590
203 301
262 454
17 461
376 91
638 343
896 524
839 740
552 446
238 493
791 385
336 569
459 745
871 215
435 851
534 493
37 651
84 618
103 446
231 709
811 953
884 145
613 509
63 796
983 582
200 246
183 407
538 642
133 750
763 392
209 120
224 608
580 25
547 848
76 354
806 719
495 278
1000 172
449 698
855 118
762 122
414 872
787 270
630 818
61 525
637 186
997 246
793 5
618 673
932 892
935 15
912 189
890 534
66 468
817 692
161 113
679 10
627 749
20 389
593 461
26 838
43 812
1000 473
694 589
642 736
700 832
576 664
433 729
291 711
952 139
381 975
385 585
443 512
728 370
568 475
753 993
990 982
387 201
942 661
264 284
639 661
274 931
485 962
126 536
142 349
515 709
148 922
866 179
848 586
407 907
670 791
286 872
676 464
980 46
72 547
770 828
19 752
295 891
117 29
11 640
927 374
801 806
842 154
420 500
349 442
889 221
597 660
818 227
177 233
732 930
936 874
193 756
28 768
323 656
676 916
895 352
328 250
538 85
962 873
713 233
327 857
580 351
798 274
897 99
236 833
497 967
149 214
659 537
64 865
564 666
703 881
600 962
237 799
54 511
920 969
545 492
854 342
915 206
792 259
833 425
246 646
910 343
87 466
697 394
346 856
240 491
475 628
95 935
155 370
655 1
344 313
882 777
900 184
612 226
29 454
2 804
511 772
386 725
334 775
995 75
892 449
566 646
201 754
512 613
791 807
238 978
818 835
527 793
711 12
415 723
972 504
810 495
369 533
378 234
176 912
959 706
486 684
69 348
307 363
329 231
348 645
644 874
157 937
799 526
781 47
948 736
821 886
218 965
153 770
305 975
876 258
714 101
897 643
742 425
961 516
718 376
402 723
802 512
748 324
487 304
419 208
737 61
808 528
29 424
15 834
896 500
440 944
392 712
733 218
187 756
621 857
91 390
682 751
69 598
560 143
51 820
33 257
362 735
401 741
257 345
77 120
314 282
689 382
960 720
452 992
648 689
44 81
915 893
332 25
649 297
78 461
959 76
708 844
86 1000
199 331
860 519
330 566
468 664
409 735
220 789
805 488
962 66
636 173
99 924
811 363
431 106
87 724
455 400
991 98
957 206
80 398
908 534
804 583
723 625
822 871
198 205
791 952
848 530
562 352
563 9
122 475
787 959
329 131
662 847
240 802
849 980
867 415
465 963
304 463
909 158
896 771
804 436
808 79
193 267
939 907
298 650
383 310
476 116
496 922
244 200
101 577
512 962
141 470
14 267
428 650
720 748
673 846
486 148
487 677
419 349
757 263
353 705
634 562
543 156
625 925
183 285
167 696
654 974
953 259
536 277
425 840
722 192
461 44
542 879
10 68
817 348
765 126
313 79
896 109
898 567
666 295
3 841
467 960
582 751
733 625
539 916
883 742
869 401
392 363
584 287
930 247
803 639
436 124
10 57
570 132
363 657
109 520
616 31
561 642
646 615
269 445
878 387
739 859
597 345
339 585
47 888
363 447
678 938
441 621
647 997
299 422
230 813
415 629
626 330
481 281
751 905
431 255
218 744
679 421
203 372
408 876
5 566
944 878
355 433
532 697
990 21
719 505
757 822
313 901
466 369
981 318
819 399
128 746
787 621
729 494
41 883
148 607
889 87
374 665
987 686
589 942
71 603
787 730
757 72
556 141
909 787
657 314
638 431
804 63
128 520
603 7
349 454
228 745
211 413
736 204
699 432
738 406
222 941
854 796
102 17
760 276
198 134
582 88
257 118
735 559
552 733
582 232
845 840
2 674
870 485
375 537
30 236
124 287
203 648
276 52
30 127
158 176
842 797
446 400
756 909
246 921
707 153
410 929
802 127
18 430
632 440
946 850
837 919
859 227
806 430
519 676
898 829
316 702
685 611
240 448
497 503
316 557
503 185
490 776
517 203
350 788
652 870
49 831
835 424
3 246
415 984
716 157
26 537
796 446
981 15
912 522
566 699
277 648
149 3
631 963
674 728
213 92
304 681
649 105
804 750
507 742
472 218
774 962
421 314
494 992
47 336
26 724
514 391
782 162
663 42
540 343
923 345
961 790
429 240
15 911
804 460
59 932
758 799
704 447
200 878
201 226
55 203
257 176
611 555
584 906
444 578
728 717
590 759
873 466
180 912
510 417
811 932
629 949
578 937
34 705
380 917
785 821
128 80
21 267
24 97
604 868
417 118
366 83
574 532
73 747
267 532
300 669
811 211
740 203
975 876
872 576
322 60
569 485
678 641
374 112
61 641
892 141
51 407
470 479
150 609
346 857
32 241
497 403
5 74
498 940
299 677
89 249
677 472
701 450
976 335
868 719
88 831
711 233
809 865
458 145
613 519
969 619
2 482
967 448
136 356
982 695
752 196
861 958
739 478
175 178
986 685
861 815
884 624
369 741
773 647
235 749
727 906
156 850
140 186
935 125
175 246
917 606
700 66
48 247
975 200
197 72
718 618
538 148
558 211
322 983
490 85
272 288
315 386
355 613
872 837
135 151
654 721
324 220
508 401
714 324
552 375
421 274
591 62
436 549
73 293
537 118
495 250
300 500
160 687
270 676
254 887
682 748
345 534
953 184
898 533
461 152
285 106
772 908
588 468
793 655
972 891
63 410
798 971
838 788
330 567
726 455
350 946
496 390
223 209
99 479
688 608
906 443
48 911
692 104
730 167
804 866
640 707
492 246
147 821
619 677
170 767
341 503
456 863
293 116
679 126
960 735
999 598
530 33
269 815
278 379
801 74
821 607
844 720
791 955
598 419
532 736
601 424
4 430
297 444
193 538
858 960
54 572
404 539
791 153
558 892
186 365
236 710
202 370
560 608
62 990
211 384
429 73
505 675
268 546
111 667
628 375
757 405
831 690
614 262
799 144
141 550
400 736
510 287
719 969
810 919
428 711
957 728
789 251
58 119
149 156
569 609
72 391
453 758
902 453
615 398
48 568
413 528
656 735
312 357
208 214
906 27
998 493
341 998
983 27
870 797
966 847
212 596
851 765
66 351
48 766
582 895
382 65
848 107
219 359
4 665
597 401
686 809
765 304
752 753
363 544
242 271
950 793
375 455
514 973
303 282
666 816
792 491
374 163
409 979
967 186
949 347
551 443
899 938
479 492
136 478
69 608
70 827
622 884
994 487
813 865
833 35
959 551
231 460
433 413
252 937
164 537
891 706
88 21
752 12
1 738
369 732
687 640
338 421
799 986
194 230
334 649
322 893
107 497
110 944
553 239
24 987
6 671
712 584
490 26
932 117
891 960
248 40
528 42
449 213
287 19
415 238
186 226
903 325
659 801
953 572
16 938
25 209
172 96
362 882
76 516
21 389
738 761
119 614
750 572
417 248
440 327
58 250
422 619
869 210
689 308
871 516
920 64
104 995
447 157
105 334
656 586
143 180
423 228
962 374
636 385
319 983
290 699
20 272
820 255
622 71
18 337
346 834
846 527
142 918
554 446
882 995
955 917
501 407
786 15
52 903
456 776
769 809
256 644
611 432
830 146
373 845
341 431
236 59
143 665
323 93
759 137
744 766
504 899
178 252
664 824
517 381
244 589
61 145
840 844
253 649
250 154
157 963
470 799
305 848
515 997
652 314
676 176
490 495
771 156
785 488
736 378
55 202
979 974
581 710
694 423
642 2
770 463
220 58
97 289
300 130
157 519
456 128
573 619
265 965
632 317
888 242
251 562
177 683
340 865
536 334
702 607
374 364
525 938
871 614
79 775
298 784
19 690
67 213
915 867
972 848
630 796
543 286
108 526
159 658
259 532
479 241
941 988
601 955
599 128
602 100
195 710
308 495
493 981
901 373
65 246
648 295
454 960
274 90
355 157
709 822
963 602
415 959
454 851
437 943
630 472
762 832
643 489
93 418
94 133
810 346
720 218
106 575
662 566
627 775
645 428
892 673
363 53
95 394
46 202
302 48
487 76
399 926
516 302
701 830
814 207
435 620
857 552
847 397
225 150
586 185
258 332
978 447
399 792
211 885
283 589
747 134
272 432
537 452
426 653
228 561
263 114
604 436
767 984
833 990
546 911
380 843
224 807
762 540
426 431
9 413
962 621
547 925
343 720
966 977
56 992
54 191
592 754
779 254
821 343
494 33
599 70
124 38
531 734
824 340
199 436
294 10
665 934
512 241
381 546
117 972
742 549
502 798
431 278
401 295
511 708
95 896
264 105
372 970
907 862
251 376
401 65
610 929
496 65
649 235
625 228
882 525
155 266
396 211
622 699
535 320
652 412
283 323
602 559
586 360
762 463
992 975
577 379
691 239
13 423
273 442
370 894
460 936
463 507
927 328
268 251
487 449
423 542
296 756
371 344
373 490
179 673
186 207
495 827
173 67
49 215
750 967
828 737
921 1
539 728
380 760
197 990
441 356
614 97
780 864
30 246
347 30
264 634
318 653
120 404
215 221
531 540
452 435
242 704
220 695
424 864
21 322
557 272
6 30
34 975
508 122
493 37
558 304
404 301
264 856
983 5
609 946
795 689
263 672
971 336
437 174
192 537
962 53
726 218
731 368
296 216
367 644
406 636
835 462
748 917
363 433
180 153
53 405
293 390
576 558
994 373
223 69
668 246
431 143
156 898
998 953
768 791
680 540
971 15
19 394
866 315
350 88
861 582
299 906
855 753
456 971
679 423
683 544
957 65
192 965
876 23
239 817
115 767
973 983
406 440
444 235
619 831
31 965
624 87
842 18
53 841
169 324
188 224
282 109
653 42
925 773
897 600
697 862
535 74
187 440
49 447
983 660
13 348
516 629
525 449
603 993
469 987
951 43
630 219
201 779
638 165
769 160
291 420
572 787
172 97
301 771
713 323
452 241
788 363
241 578
25 833
506 870
234 329
107 973
399 315
777 591
579 311
872 715
836 430
731 144
110 207
807 287
630 902
519 171
224 627
122 665
625 505
