1 4
5 8
6 6
7 4
15 6
16 4
54 4
63 4
104 4
122 4
124 8
125 6
126 4
133 4
152 6
153 4
155 4
160 4
167 4
177 4
181 4
199 4
200 4
209 6
210 4
212 4
215 4
235 4
255 6
256 4
265 4
280 4
291 6
292 4
296 4
297 4
320 4
323 4
341 4
343 6
344 4
390 4
395 4
452 4
453 4
468 4
485 12
486 10
487 8
488 6
489 4
498 4
512 4
520 4
525 6
526 4
536 4
588 4
593 4
626 6
627 4
631 4
637 8
638 6
639 4
642 4
654 4
656 4
666 6
667 4
668 6
669 4
687 4
741 4
761 4
767 4
783 4
795 4
799 4
828 6
829 4
848 4
886 6
887 4
931 4
942 4
953 4
977 4
